7054 0 
5255 1 
1125 2 
367 3 
7340 4 
1685 5 
5052 6 
2515 7 
99 8 
1804 9 
4526 10 
1801 11 
9599 12 
3010 13 
806 14 
9979 15 
3199 16 
1411 17 
7249 18 
3142 19 
7524 20 
4850 21 
5138 22 
7907 23 
9255 24 
391 25 
8421 26 
7014 27 
6498 28 
7167 29 
9711 30 
5255 31 
4848 32 
5426 33 
2689 34 
4238 35 
3003 36 
2813 37 
6523 38 
8397 39 
3118 40 
7284 41 
459 42 
6840 43 
9210 44 
3125 45 
7092 46 
2574 47 
5609 48 
8839 49 
8192 50 
3554 51 
4890 52 
7360 53 
1219 54 
3157 55 
8036 56 
5102 57 
8032 58 
473 59 
5543 60 
6948 61 
2485 62 
6976 63 
3641 64 
1543 65 
9278 66 
1629 67 
1723 68 
1296 69 
6813 70 
8999 71 
3366 72 
5414 73 
7321 74 
5480 75 
352 76 
2453 77 
1707 78 
6971 79 
8193 80 
1841 81 
4391 82 
818 83 
9575 84 
5959 85 
1588 86 
8343 87 
6857 88 
4867 89 
3727 90 
221 0 
9574 1 
7018 2 
3818 3 
6065 4 
5344 5 
3078 6 
6899 7 
2684 8 
2895 9 
423 10 
3126 11 
103 12 
3879 13 
3746 14 
7124 15 
7474 16 
1965 17 
9804 18 
917 19 
6547 20 
3309 21 
9232 22 
9608 23 
8069 24 
8298 25 
4352 26 
5511 27 
4068 28 
7178 29 
7531 30 
2550 31 
1057 32 
759 33 
4333 34 
1248 35 
627 36 
2095 37 
6560 38 
8389 39 
6567 40 
3436 41 
7539 42 
8332 43 
6655 44 
8311 45 
1285 46 
5237 47 
3537 48 
4672 49 
308 50 
8942 51 
5489 52 
3420 53 
7957 54 
2721 55 
5765 56 
4006 57 
6953 58 
550 59 
8624 60 
2847 61 
1512 62 
1455 63 
8901 64 
9103 65 
7384 66 
6783 67 
4476 68 
8629 69 
9437 70 
6876 71 
9434 72 
1051 73 
5061 74 
3941 75 
8280 76 
41 77 
6974 78 
4597 79 
8695 80 
9045 81 
6558 82 
8148 83 
3959 84 
6994 85 
3590 86 
3838 87 
5476 88 
5792 89 
2729 90 
2423 0 
6615 1 
2888 2 
7301 3 
5519 4 
8833 5 
8852 6 
7315 7 
5410 8 
9271 9 
1261 10 
6547 11 
2893 12 
967 13 
7153 14 
8399 15 
132 16 
8405 17 
9775 18 
8165 19 
9529 20 
3694 21 
7113 22 
666 23 
8431 24 
4600 25 
1008 26 
4476 27 
1401 28 
3134 29 
4346 30 
802 31 
8185 32 
2886 33 
8253 34 
7470 35 
45 36 
5795 37 
823 38 
2230 39 
5583 40 
632 41 
5295 42 
1476 43 
4804 44 
5940 45 
3911 46 
5180 47 
140 48 
2708 49 
7488 50 
2439 51 
2755 52 
7545 53 
874 54 
7365 55 
6046 56 
1561 57 
499 58 
7485 59 
9645 60 
595 61 
305 62 
3505 63 
1159 64 
5644 65 
4391 66 
7503 67 
8750 68 
2360 69 
2587 70 
5770 71 
3724 72 
4325 73 
3163 74 
9379 75 
4227 76 
7227 77 
2212 78 
6651 79 
9220 80 
2270 81 
7225 82 
5168 83 
10 84 
1356 85 
9119 86 
1604 87 
5765 88 
9351 89 
772 90 
3308 0 
5417 1 
1282 2 
4860 3 
2512 4 
7651 5 
8770 6 
3554 7 
1932 8 
3808 9 
5401 10 
2113 11 
1900 12 
3224 13 
39 14 
1309 15 
8523 16 
9242 17 
1027 18 
7560 19 
4661 20 
2715 21 
5558 22 
5123 23 
9324 24 
9739 25 
6941 26 
4013 27 
115 28 
4374 29 
8438 30 
570 31 
7116 32 
3100 33 
9678 34 
3350 35 
8916 36 
9769 37 
4390 38 
8319 39 
5792 40 
7556 41 
3912 42 
2656 43 
4088 44 
5153 45 
3930 46 
8984 47 
3110 48 
9555 49 
3466 50 
1404 51 
3255 52 
4556 53 
7443 54 
7094 55 
7355 56 
9498 57 
1110 58 
1640 59 
2013 60 
3185 61 
7102 62 
3871 63 
1783 64 
1368 65 
5149 66 
4708 67 
684 68 
8902 69 
2798 70 
5114 71 
381 72 
9334 73 
1618 74 
5111 75 
8684 76 
9459 77 
4500 78 
8651 79 
3100 80 
2066 81 
5398 82 
2920 83 
4918 84 
4989 85 
7082 86 
6876 87 
1740 88 
7917 89 
6666 90 
6263 0 
5983 1 
6206 2 
8018 3 
4279 4 
4581 5 
3913 6 
4208 7 
4879 8 
680 9 
4442 10 
941 12 
4521 11 
5331 13 
6158 14 
6704 15 
6072 16 
5162 17 
5125 19 
1093 20 
572 18 
8278 21 
2749 22 
2165 23 
9661 24 
1857 25 
1149 26 
9499 27 
656 28 
5326 29 
1245 30 
7799 31 
501 32 
5435 33 
4376 34 
1310 35 
2652 36 
6169 37 
2976 38 
7131 39 
6640 40 
4124 41 
8364 42 
1352 43 
6419 44 
3339 45 
1732 46 
4045 47 
4233 48 
2902 50 
3908 49 
7071 51 
9412 52 
5528 53 
8632 54 
5639 55 
8015 56 
6114 57 
686 58 
6780 59 
9711 60 
1984 61 
5031 62 
9037 63 
7320 64 
5739 65 
6928 66 
5634 67 
2627 68 
1348 69 
980 70 
8378 71 
5311 72 
743 73 
3063 74 
2113 75 
9161 76 
3479 78 
2949 77 
8327 79 
9523 80 
4277 81 
3395 83 
7289 82 
6976 84 
7372 85 
6775 86 
7485 87 
1683 88 
3686 89 
4177 90 
1280 0 
834 1 
4324 2 
9933 3 
2337 4 
5747 5 
9756 6 
6568 7 
5203 8 
175 9 
397 10 
9768 12 
2166 11 
275 13 
7822 14 
7207 15 
470 16 
3419 18 
3667 17 
3522 19 
6676 20 
989 21 
847 22 
9818 23 
8568 24 
3235 25 
601 26 
7198 27 
2229 28 
8548 29 
4824 30 
9657 31 
3826 32 
3973 33 
6250 34 
2711 35 
5456 36 
7230 37 
1511 38 
9371 39 
4206 40 
1728 41 
1175 42 
9894 43 
198 44 
636 45 
2399 46 
554 47 
7965 51 
8859 48 
8253 50 
1439 49 
8880 52 
2841 53 
545 54 
383 55 
7669 56 
9572 57 
2876 58 
2917 60 
4138 59 
1357 61 
8412 62 
1379 63 
6724 64 
8202 65 
1273 66 
338 67 
1315 68 
107 69 
8015 70 
1617 71 
1194 72 
7689 73 
5745 74 
5446 75 
5466 76 
6911 78 
5515 77 
8238 80 
9562 79 
15 81 
6317 83 
4790 82 
9306 84 
4040 85 
8837 86 
1885 87 
841 89 
6299 88 
9859 90 
213 0 
5789 1 
7192 2 
65 3 
536 4 
9496 5 
6639 6 
3509 7 
7344 8 
1489 9 
2196 10 
196 12 
5341 11 
5672 13 
8338 14 
9976 15 
7778 16 
6811 18 
4007 17 
6439 19 
7221 20 
3570 21 
9996 22 
7255 24 
622 23 
1092 25 
9464 26 
2396 27 
713 28 
8571 29 
3189 30 
8427 31 
3745 32 
462 33 
2415 34 
4886 35 
3496 36 
34 37 
1819 38 
6624 39 
6795 40 
3124 41 
3172 42 
2198 43 
9765 44 
9199 45 
7153 46 
4081 47 
1953 49 
5861 51 
7657 48 
4714 50 
1112 52 
6820 53 
3765 54 
817 55 
8763 56 
4121 57 
6339 58 
5873 60 
4879 59 
3302 61 
4620 62 
1677 63 
4776 64 
3048 65 
2018 66 
2854 67 
7499 68 
5892 70 
6343 69 
8738 71 
7252 72 
5056 73 
4950 74 
1300 75 
6798 76 
1198 78 
6316 77 
5671 80 
762 79 
9447 81 
6953 82 
528 83 
9305 84 
6582 85 
2736 86 
2352 87 
9016 89 
5435 88 
6873 90 
1535 0 
6598 1 
1927 2 
9066 3 
3446 4 
5419 5 
4149 6 
6387 7 
5249 8 
3559 9 
5758 10 
6099 11 
6671 12 
3655 13 
633 14 
5286 15 
491 16 
2463 17 
2203 18 
3294 19 
5523 20 
7928 21 
5981 22 
1864 23 
2271 24 
8993 25 
7423 26 
6054 27 
5179 28 
7788 29 
3511 30 
4425 31 
3510 32 
3348 33 
135 34 
1869 35 
1401 36 
820 37 
7674 38 
5163 39 
3309 40 
7224 41 
1166 42 
3223 43 
8509 44 
6248 45 
6174 46 
2865 48 
8255 47 
5814 49 
2346 51 
8570 50 
830 52 
5665 53 
3975 54 
285 55 
1874 56 
6906 57 
4803 58 
139 60 
5834 59 
4497 61 
1008 62 
3181 63 
8411 64 
8603 65 
869 66 
3207 67 
3162 68 
328 70 
9596 69 
9270 71 
1390 72 
7661 73 
8257 74 
2705 75 
1422 76 
5405 77 
6283 78 
3443 79 
3209 80 
1431 81 
7610 83 
8342 82 
7080 84 
9654 85 
9222 86 
3622 87 
6675 88 
8133 89 
796 90 
4852 0 
6595 1 
2339 3 
8404 2 
8453 4 
9000 5 
9267 6 
9735 7 
7023 8 
4141 9 
5724 10 
4653 12 
8333 11 
5974 13 
6512 15 
5781 14 
3268 16 
130 17 
4036 19 
4617 20 
8339 18 
4105 21 
8656 22 
9048 23 
6619 24 
8436 25 
5681 27 
846 26 
4082 28 
1803 29 
8667 30 
7219 31 
3874 32 
7149 33 
8997 34 
5081 36 
4706 35 
2645 37 
8317 38 
2057 39 
3698 41 
1320 40 
961 42 
1678 43 
2824 45 
6221 44 
7904 46 
6635 47 
5235 50 
5306 48 
5312 49 
1224 51 
5880 52 
1938 53 
1092 54 
2740 55 
6818 56 
9039 57 
7999 58 
3330 59 
3095 60 
3824 61 
1967 62 
9658 63 
8789 64 
2096 66 
5909 65 
1508 67 
7626 68 
9830 69 
5277 70 
184 71 
5586 72 
746 73 
1066 74 
2841 75 
9903 76 
7360 78 
5150 77 
6145 79 
7668 80 
9717 81 
9183 83 
552 84 
1408 82 
2946 85 
7223 86 
7453 87 
2461 88 
3096 89 
8688 90 
7524 0 
9621 1 
5569 2 
4880 3 
7469 4 
7926 5 
2524 6 
4232 7 
3487 9 
6317 8 
6913 10 
6642 12 
949 11 
9411 13 
7916 14 
4692 15 
8122 16 
5132 18 
526 17 
6719 19 
8197 20 
402 21 
9625 22 
9628 23 
7742 24 
8176 25 
9467 27 
7915 26 
830 28 
5943 29 
8159 30 
6537 31 
3181 32 
5758 33 
6152 34 
2229 36 
9668 35 
8132 37 
2598 38 
8056 39 
4466 41 
7760 40 
4419 42 
8616 43 
1582 45 
6727 44 
2270 46 
3069 47 
8985 51 
3173 50 
3798 48 
1164 49 
3450 52 
4029 53 
3489 54 
5821 56 
8662 55 
3556 57 
3734 58 
720 60 
1028 59 
5439 61 
1823 62 
6571 63 
7509 64 
1460 65 
8181 66 
6544 67 
5302 68 
5816 69 
6261 70 
3218 71 
7955 72 
4755 73 
816 74 
6891 75 
8289 76 
6795 78 
2518 77 
6483 80 
7475 79 
7824 81 
6105 85 
9363 83 
1541 84 
6976 82 
1008 86 
7356 87 
5639 89 
2633 88 
4553 90 
4069 0 
2923 1 
7733 2 
4556 3 
6836 4 
2156 5 
8316 6 
6604 7 
2211 9 
446 8 
739 10 
3189 12 
208 11 
4311 13 
9637 14 
6357 15 
4579 16 
7999 18 
4553 17 
7481 19 
8232 20 
8949 21 
2530 22 
5750 24 
7765 23 
6677 25 
4790 26 
7073 27 
5819 28 
4303 29 
3000 30 
4468 31 
5452 32 
1643 33 
4159 34 
9956 35 
8461 36 
1500 37 
776 38 
6297 39 
6420 41 
1039 40 
6670 42 
5147 43 
6874 44 
861 45 
1740 46 
9790 49 
4759 47 
335 51 
2247 50 
6360 48 
5013 52 
6939 53 
7818 54 
1509 56 
1884 55 
7447 57 
3350 58 
8227 60 
1643 59 
1179 61 
3341 62 
1847 63 
6472 64 
9622 65 
715 66 
8134 67 
9024 68 
5177 70 
299 69 
8326 71 
8904 72 
4096 73 
5693 74 
8987 75 
9612 76 
4394 78 
9532 77 
9791 80 
7026 79 
6017 81 
40 82 
6515 85 
6432 83 
3270 84 
4320 86 
3440 87 
1197 89 
5010 88 
1834 90 
9077 0 
6869 1 
1229 2 
3707 3 
490 4 
7046 5 
2466 6 
4052 7 
1123 8 
6610 9 
1197 11 
959 10 
7165 12 
2880 13 
5498 15 
4368 14 
4922 16 
6927 17 
8948 18 
7557 19 
3579 20 
3295 21 
1517 22 
8474 23 
6224 24 
736 25 
2197 27 
9460 26 
230 28 
2765 29 
793 30 
8752 31 
6877 32 
7919 33 
7110 34 
9166 36 
4022 35 
404 37 
7621 38 
7452 39 
5004 40 
2417 41 
9196 42 
5178 43 
5415 44 
4242 45 
690 48 
8845 46 
9630 49 
9920 47 
9797 51 
3577 50 
512 52 
9776 53 
632 54 
5874 55 
3633 56 
7455 57 
7666 58 
8402 60 
3592 59 
3597 61 
6210 62 
924 63 
7183 64 
9772 65 
6444 66 
6860 67 
4112 68 
6749 70 
997 69 
3080 71 
6845 72 
3596 73 
5915 74 
3386 76 
5054 75 
48 77 
4313 78 
528 79 
9357 80 
2104 81 
7178 83 
5433 84 
6725 82 
5222 85 
896 86 
3818 87 
1016 88 
5617 89 
9975 90 
5104 1 
6310 0 
1676 3 
7752 4 
3444 2 
1845 5 
8894 6 
8885 8 
7402 7 
9195 9 
5927 10 
163 12 
1775 11 
7294 15 
4782 13 
5811 14 
2194 16 
1568 19 
4416 17 
7412 20 
8314 18 
5577 21 
1441 22 
5857 23 
4354 24 
9590 25 
8652 27 
34 26 
6209 28 
2972 29 
1072 30 
5066 31 
2907 32 
71 33 
2365 34 
9102 36 
3106 35 
7641 37 
4918 38 
9389 39 
6981 41 
1386 42 
7463 40 
2303 43 
5392 45 
7686 44 
7470 46 
1475 47 
717 50 
4619 48 
7655 49 
6319 51 
978 52 
1868 53 
1825 54 
1640 55 
9960 56 
3493 57 
3886 59 
9699 58 
2234 60 
8132 61 
854 62 
1862 63 
182 64 
4536 66 
8733 65 
2692 67 
90 68 
3344 69 
9461 70 
9137 71 
8104 72 
2758 73 
9673 74 
1361 75 
3278 76 
9959 78 
3134 77 
8131 79 
9726 80 
8371 81 
1447 83 
6022 84 
3896 82 
4958 85 
8634 86 
3427 88 
8681 87 
5912 89 
8259 90 
5468 0 
5635 2 
2177 1 
9839 3 
7494 4 
5875 5 
5530 6 
3231 7 
5623 9 
2800 8 
9825 10 
8072 12 
2495 13 
6304 11 
1428 14 
4776 15 
3366 16 
928 18 
7303 19 
8546 17 
2343 20 
9829 21 
2336 22 
454 23 
2659 24 
9427 25 
6620 27 
4734 26 
6085 28 
9019 29 
9437 30 
7626 31 
5549 32 
4785 33 
5609 34 
3786 36 
2825 35 
9766 37 
1925 38 
415 39 
9691 41 
9455 42 
5890 40 
8158 43 
1596 45 
5754 44 
5256 46 
6636 47 
8991 51 
1034 50 
2287 48 
784 49 
9878 52 
744 53 
5708 56 
9166 54 
4111 55 
7729 57 
9238 58 
9951 60 
4953 59 
9457 61 
2763 62 
5831 63 
8738 64 
6955 65 
9907 66 
6676 67 
8027 68 
7457 69 
7081 70 
590 71 
7408 72 
1580 73 
330 74 
4923 75 
4347 76 
5987 78 
8579 77 
2090 80 
8343 79 
953 81 
1297 85 
2773 83 
1685 84 
7002 86 
8443 82 
419 87 
4593 89 
7150 88 
8652 90 
7817 0 
2293 2 
4670 1 
5461 3 
1797 4 
7546 5 
5106 6 
9088 7 
4850 9 
2838 8 
3348 10 
4142 12 
5634 13 
1213 11 
8111 14 
1711 15 
8394 16 
2794 18 
3809 19 
9811 17 
5165 20 
8666 24 
8442 21 
9189 22 
6857 23 
8180 25 
4827 26 
3212 27 
5128 28 
915 29 
5658 30 
453 31 
8220 32 
7912 33 
4732 34 
6553 35 
2780 36 
3779 37 
3940 39 
1819 38 
2486 41 
9014 42 
5854 40 
3766 44 
1477 43 
191 45 
3931 49 
2839 46 
2125 47 
3284 51 
3202 50 
7162 48 
6182 52 
52 53 
3432 54 
5532 56 
4860 55 
5382 57 
6300 58 
9363 60 
3447 59 
9252 61 
7599 62 
6677 63 
5278 64 
7684 65 
2140 66 
9352 67 
1742 68 
9286 70 
1943 69 
3436 71 
9622 72 
3738 73 
1882 74 
4495 75 
567 76 
9708 78 
9765 77 
9850 80 
6362 79 
1916 81 
1818 82 
258 85 
1617 83 
9747 84 
85 86 
3575 87 
3696 89 
518 88 
2403 90 
6998 0 
1224 2 
7501 1 
6675 3 
4309 4 
4748 5 
7956 6 
3360 8 
4744 7 
2666 9 
4248 11 
3372 10 
1060 12 
3876 15 
5708 13 
163 14 
2249 16 
8599 17 
7469 18 
8086 19 
3095 20 
5733 21 
6561 22 
5884 23 
6484 24 
2492 25 
691 27 
831 26 
154 28 
4660 30 
7304 31 
7480 29 
4745 32 
6513 33 
8990 34 
141 36 
7142 35 
5111 37 
7244 38 
3023 39 
6020 40 
1334 41 
110 42 
3492 44 
7975 43 
6178 45 
3541 48 
3871 49 
7316 46 
7899 47 
6298 51 
3849 50 
77 52 
4687 53 
1052 54 
523 55 
9387 56 
2072 57 
4049 58 
740 60 
8402 59 
3419 61 
1924 62 
8071 63 
6678 64 
4691 65 
3679 66 
3873 67 
2963 68 
1955 70 
5877 69 
8693 71 
8482 72 
1786 73 
3080 74 
6426 76 
4667 75 
4875 77 
6997 78 
4424 79 
1561 80 
112 81 
5123 83 
7905 84 
9883 82 
1524 85 
1550 86 
594 88 
9342 87 
2349 89 
9947 90 
680 1 
6742 0 
1797 3 
1348 4 
4316 2 
3131 5 
1624 6 
9258 8 
7640 7 
7719 10 
4948 9 
8177 12 
4777 11 
5395 15 
1088 13 
312 16 
8247 14 
9061 19 
5315 20 
6442 17 
6427 18 
5638 21 
5371 22 
8694 23 
1846 24 
9409 25 
1363 27 
3229 26 
3104 28 
8168 29 
9371 30 
6659 31 
4289 32 
9640 33 
5449 34 
7761 36 
8291 35 
4357 37 
2605 38 
1170 39 
7992 41 
476 42 
3937 40 
3296 43 
546 45 
3523 44 
2745 46 
3464 47 
9404 50 
4494 48 
9902 49 
1835 51 
4761 52 
228 53 
5283 54 
2796 55 
8135 56 
7259 57 
5032 59 
8919 58 
9564 60 
5715 61 
5004 62 
1054 64 
6385 63 
9419 66 
854 65 
7609 67 
1887 69 
8694 68 
7971 70 
224 71 
8817 72 
697 73 
256 74 
5157 75 
7804 76 
1128 78 
1609 77 
1711 79 
6872 80 
5020 81 
1852 83 
9858 84 
8162 82 
5191 85 
1030 88 
2129 86 
6967 87 
8659 89 
4435 90 
1471 0 
9472 2 
9127 1 
5432 3 
3776 4 
9487 5 
8508 6 
3530 7 
7513 9 
5232 8 
5146 10 
2425 12 
4116 13 
9698 14 
3562 11 
8045 15 
6894 16 
9464 18 
6959 19 
8575 20 
1974 17 
2662 21 
1075 22 
7088 23 
950 25 
992 24 
776 27 
3955 26 
8761 28 
1530 29 
861 30 
3076 31 
7561 32 
9276 33 
4775 34 
3453 36 
7363 35 
997 37 
4435 38 
2781 39 
2030 41 
7672 42 
8321 40 
6292 43 
6559 45 
8773 44 
2388 46 
5489 51 
804 47 
6791 50 
3349 48 
735 49 
5454 52 
6702 53 
3882 56 
5486 54 
9578 55 
2198 57 
3015 58 
1175 60 
1801 59 
540 61 
6554 62 
8012 63 
3120 65 
5814 64 
6036 66 
1321 67 
2761 69 
664 68 
7887 70 
631 71 
1241 72 
4753 73 
9451 74 
8711 75 
2511 76 
2992 78 
4177 77 
6784 80 
6572 79 
765 81 
7152 85 
8546 86 
5248 83 
7790 84 
5595 87 
2653 82 
5777 89 
8138 88 
371 90 
8166 0 
5550 2 
2195 1 
6322 3 
682 4 
9746 5 
9198 6 
9979 7 
1283 9 
3471 8 
8723 10 
4584 12 
3342 13 
2285 14 
8265 11 
1774 15 
1391 16 
692 18 
3744 19 
2974 20 
7306 17 
6652 24 
8657 21 
7053 22 
2443 23 
4797 25 
5311 26 
9991 27 
5203 28 
9765 29 
4537 32 
4251 30 
5478 31 
2584 33 
1512 34 
1721 35 
5490 36 
4207 39 
8275 37 
7994 38 
7682 41 
8739 42 
5009 40 
9712 44 
8909 43 
4464 45 
9360 49 
7602 46 
5046 51 
2903 47 
6393 50 
7447 48 
3789 52 
2749 53 
1271 54 
2284 56 
3486 55 
6207 57 
5813 58 
1370 60 
9863 59 
7133 61 
7826 62 
2555 63 
6643 65 
3382 64 
8585 66 
2968 67 
7460 68 
6027 70 
1316 69 
586 71 
1346 72 
1152 73 
5986 74 
1184 75 
7798 76 
1159 78 
1782 77 
4989 80 
3293 79 
4770 82 
5908 81 
6214 85 
3048 86 
2288 83 
2301 84 
3554 87 
533 89 
984 88 
4888 90 
4964 0 
3825 2 
8372 1 
395 3 
3111 4 
7280 5 
8584 6 
1019 8 
4567 7 
9281 9 
729 11 
2490 10 
5863 15 
1063 12 
33 13 
3259 16 
8354 14 
44 17 
5029 18 
8428 19 
804 20 
7 21 
4319 22 
3662 23 
7890 24 
8258 25 
911 27 
6923 26 
5059 28 
3125 30 
22 31 
5044 29 
81 32 
8867 33 
5270 34 
9406 36 
9700 35 
7442 37 
962 38 
7769 39 
2057 40 
8362 41 
5402 42 
1829 44 
5251 43 
8745 45 
5917 48 
3949 49 
8893 46 
6684 51 
6255 47 
9541 52 
5520 50 
3096 53 
6077 54 
8630 55 
3232 56 
481 57 
687 58 
1296 60 
3876 59 
2292 61 
7474 62 
9549 64 
9876 63 
2576 65 
2992 66 
5055 67 
8532 68 
4866 70 
631 69 
9424 71 
8604 72 
546 73 
2139 76 
2249 74 
2427 77 
9194 75 
3278 78 
2021 79 
4682 80 
1283 81 
5972 83 
6472 84 
9160 82 
9191 85 
3854 88 
4517 86 
1286 87 
2520 89 
31 90 
261 3 
4716 0 
6093 4 
2687 2 
4805 5 
7605 6 
5105 8 
9541 7 
3640 10 
81 9 
3729 12 
1738 11 
7592 15 
5601 16 
7479 13 
5485 14 
108 19 
106 20 
8823 17 
7791 18 
2214 21 
171 22 
4186 23 
4314 24 
464 25 
5288 27 
3686 26 
2989 28 
9653 29 
4027 30 
6196 31 
696 33 
5286 32 
9228 36 
2005 34 
7540 35 
2201 37 
6034 38 
8927 39 
9110 41 
9870 42 
3428 40 
3879 43 
4216 45 
3673 44 
2300 46 
9200 47 
9541 50 
7968 48 
4228 49 
6059 51 
637 52 
9408 53 
3557 54 
4743 55 
7791 56 
5849 57 
8642 59 
6386 58 
8278 60 
6563 61 
5848 62 
7488 64 
6853 63 
7627 66 
5485 65 
3300 69 
7864 67 
7755 68 
9213 70 
9529 71 
9122 72 
5677 74 
1499 73 
2706 75 
2917 76 
5316 78 
6968 77 
9106 79 
3789 80 
2406 81 
1734 83 
9010 84 
1566 82 
7467 85 
7454 88 
8142 86 
53 87 
7089 89 
8871 0 
6901 90 
2096 2 
2485 1 
3799 3 
9496 4 
188 5 
5641 6 
6957 7 
30 9 
5941 8 
960 10 
1336 13 
3971 12 
1341 14 
1706 11 
9281 15 
5449 16 
6655 18 
5964 19 
9051 20 
4168 17 
6815 21 
5177 22 
9548 23 
7986 25 
6083 24 
3456 27 
4512 26 
1893 28 
9863 29 
8614 30 
6957 31 
2496 33 
9452 34 
6829 32 
3106 36 
3682 35 
7374 37 
6737 38 
9652 39 
3767 41 
2788 42 
3952 40 
2824 43 
4700 45 
3711 44 
3138 46 
7975 51 
1059 47 
9512 50 
9114 48 
2925 49 
6754 52 
7596 53 
4860 56 
4244 54 
5945 55 
4082 57 
9323 58 
897 60 
7911 59 
1071 61 
7707 62 
4118 63 
9099 65 
7821 64 
7223 67 
800 66 
9756 69 
1028 68 
1217 70 
4716 71 
1277 72 
9828 74 
6842 73 
4318 75 
8575 76 
8316 78 
4790 77 
1300 80 
5132 79 
4751 81 
6382 85 
3896 86 
4091 87 
1608 83 
2514 84 
4573 82 
4537 89 
9068 88 
147 90 
2455 0 
3242 2 
259 1 
2422 3 
6543 4 
3512 5 
5855 6 
1271 7 
241 9 
6630 8 
708 10 
5030 13 
9686 12 
8458 14 
6437 11 
5643 15 
2686 16 
3444 18 
8492 19 
1184 20 
3089 17 
2820 24 
687 21 
1678 22 
4138 23 
6806 25 
919 26 
8309 27 
2309 28 
4599 29 
4437 32 
2879 30 
3772 31 
3142 33 
8480 34 
9172 35 
9556 36 
3628 39 
1737 37 
4729 38 
528 41 
5218 42 
3633 40 
2588 44 
9124 43 
6880 45 
2017 49 
7860 46 
2966 51 
9782 47 
5032 50 
2693 48 
4734 52 
5851 54 
6353 53 
6136 56 
5446 55 
9498 57 
5810 58 
7020 60 
8925 59 
1237 61 
3292 62 
9579 63 
7480 65 
5600 64 
5453 67 
4558 68 
8155 66 
5117 70 
5596 69 
8789 71 
4288 72 
7907 73 
349 74 
1005 75 
1323 76 
6073 78 
3314 77 
6193 80 
852 79 
3752 82 
6257 81 
8635 85 
8705 86 
606 87 
2174 83 
7108 84 
7046 89 
3523 88 
3652 90 
9392 0 
4859 2 
7705 1 
2284 3 
8950 4 
9293 5 
6403 6 
1550 8 
7634 7 
8453 9 
9082 11 
2593 10 
721 15 
3665 16 
4091 13 
7304 12 
6060 14 
9040 17 
6775 18 
4881 19 
2806 20 
6002 21 
1022 22 
7263 23 
6988 24 
1984 25 
3362 27 
4853 26 
5337 28 
502 30 
4053 31 
808 29 
803 32 
822 36 
4793 33 
5443 34 
4369 35 
345 37 
6605 38 
946 39 
2529 40 
4327 41 
5489 42 
1688 44 
8299 43 
7445 45 
3840 48 
8365 49 
9253 46 
6387 51 
6315 52 
3293 47 
5654 50 
2587 53 
8095 54 
5882 55 
3554 56 
5821 57 
6569 58 
5691 60 
2350 59 
1922 61 
1797 62 
1252 64 
6574 63 
7381 65 
7972 67 
2272 68 
6970 66 
7707 70 
1256 69 
6610 71 
8147 72 
7823 73 
8809 76 
3160 74 
7393 77 
8928 75 
4885 78 
8054 79 
7130 80 
5323 81 
2806 83 
4951 84 
6290 82 
2522 85 
8532 88 
9310 86 
4446 87 
1206 89 
2359 90 
2842 1 
1931 3 
1060 4 
886 0 
5486 2 
3734 5 
8733 8 
3982 6 
9651 7 
5781 10 
7871 12 
214 9 
771 11 
5881 15 
4435 16 
7545 13 
8029 14 
8424 19 
4100 20 
6445 17 
7816 18 
5796 21 
6694 22 
6862 23 
4278 24 
627 27 
7233 25 
2842 26 
6982 28 
9251 29 
9350 30 
644 31 
6690 33 
1972 32 
7483 36 
9080 34 
2140 35 
6374 37 
4812 38 
7327 41 
4079 42 
7587 39 
3272 40 
4428 43 
4047 45 
2266 44 
9724 46 
7676 47 
9067 50 
2077 48 
7811 49 
1098 52 
6419 51 
9604 53 
3205 55 
8016 54 
5507 57 
7127 56 
2964 59 
9663 58 
6630 60 
1505 61 
2336 62 
2749 64 
2429 63 
9702 66 
6314 65 
3855 69 
7636 68 
6325 67 
3937 70 
316 71 
6669 72 
8139 74 
421 73 
68 75 
5027 76 
6404 78 
8924 77 
9117 79 
4404 81 
532 80 
8690 83 
5793 84 
8720 82 
1432 88 
2599 85 
5077 86 
2495 87 
2930 89 
7621 0 
3959 90 
4566 2 
1092 1 
4792 3 
5921 4 
7987 5 
8694 6 
7382 7 
1850 9 
203 8 
9345 10 
8241 13 
7358 12 
6679 14 
1419 11 
5984 15 
6079 16 
1474 18 
7933 19 
5133 20 
5929 17 
6883 21 
1166 22 
6778 23 
5204 25 
7068 24 
8295 27 
6630 26 
2125 28 
7653 29 
5970 30 
8105 31 
8890 34 
2134 33 
7434 32 
5383 36 
9129 35 
3748 37 
6059 38 
9253 41 
2001 42 
3938 39 
3171 40 
2796 43 
5474 45 
9098 44 
4369 51 
897 46 
6851 47 
8337 50 
8994 48 
3428 49 
8113 52 
1161 53 
4591 56 
5254 55 
9976 54 
6965 57 
5252 58 
4174 60 
9352 59 
3801 61 
4147 62 
3053 63 
6329 65 
7696 64 
3169 67 
1886 66 
4385 69 
1538 68 
3717 70 
5346 71 
24 72 
7550 74 
9083 73 
5758 75 
224 76 
3126 78 
3232 77 
9712 80 
1030 79 
6045 81 
790 85 
7180 86 
6370 87 
8082 83 
7213 84 
6687 89 
8660 82 
3358 88 
8538 90 
4755 0 
2410 2 
7444 1 
4591 3 
7886 4 
7507 5 
7580 6 
2492 7 
9996 9 
4150 8 
5221 10 
6309 13 
6937 12 
4836 14 
3123 11 
5365 15 
7295 16 
9993 18 
1027 19 
1154 20 
3134 17 
3935 24 
7774 21 
6091 22 
5944 23 
8606 25 
8825 26 
6568 27 
2267 28 
899 29 
95 32 
3281 30 
7269 31 
6386 34 
2106 33 
6163 35 
5456 36 
9156 39 
7699 37 
6003 38 
9572 41 
9394 42 
7159 44 
6783 40 
9844 43 
7276 45 
8474 49 
9031 51 
9353 46 
7241 47 
906 50 
3896 48 
9236 52 
2189 54 
9919 53 
8901 56 
4099 55 
6588 57 
8921 58 
1641 60 
9694 59 
8193 61 
7343 62 
9439 63 
7090 65 
1242 64 
7633 68 
708 67 
9983 66 
896 70 
6275 69 
6310 71 
2862 72 
4301 73 
3882 74 
3721 75 
4460 76 
5388 78 
4079 77 
200 80 
9106 79 
7066 82 
9187 81 
4728 85 
6684 86 
1983 87 
2555 83 
6548 84 
5154 89 
5154 88 
6196 90 
3303 0 
2375 2 
6786 1 
8565 3 
7948 4 
1797 5 
3009 8 
4052 6 
8404 7 
4864 9 
9130 11 
5649 15 
3060 10 
3433 16 
4351 13 
3196 12 
662 14 
9071 17 
7893 18 
6188 19 
2195 20 
1022 21 
1982 22 
6216 23 
2997 24 
7247 27 
227 25 
6788 26 
3592 28 
2792 30 
5845 31 
2050 29 
5986 32 
6139 36 
8204 34 
8392 33 
1580 35 
9963 37 
3852 38 
8509 39 
7568 40 
6640 41 
4397 42 
8810 44 
2794 43 
1684 45 
6952 48 
647 49 
3388 52 
3672 51 
7602 46 
3868 47 
9307 50 
6343 53 
8062 55 
7111 54 
791 57 
4036 56 
6607 58 
6402 60 
3276 59 
4516 61 
3661 62 
3779 64 
3208 63 
6517 65 
1518 68 
5840 67 
5382 66 
8943 70 
7262 69 
2621 71 
3782 72 
7456 73 
9336 76 
9040 77 
5957 74 
3861 75 
1379 78 
4958 79 
5849 81 
8024 80 
3416 83 
4402 84 
1591 82 
1870 88 
9667 85 
958 86 
8415 87 
4789 89 
3707 90 
8105 1 
7248 4 
1368 0 
3531 2 
3086 5 
1074 8 
1232 6 
4422 10 
6356 7 
816 12 
8168 9 
5346 11 
8098 15 
5988 16 
4744 13 
1728 14 
85 19 
6536 20 
63 17 
7400 18 
5857 21 
8546 22 
9064 23 
7186 24 
2430 27 
3463 25 
3054 26 
8600 28 
9416 29 
1110 30 
6828 31 
7723 33 
2156 32 
1302 36 
8863 34 
4303 35 
9401 37 
5683 38 
2864 41 
8043 42 
3339 39 
5843 40 
3036 43 
9227 45 
7784 44 
8087 46 
815 47 
5000 50 
6730 48 
1220 49 
1345 52 
3490 51 
9911 53 
8002 55 
8729 54 
3618 57 
8182 56 
2469 59 
2843 58 
4206 60 
6414 61 
233 64 
8030 62 
585 66 
1181 63 
8331 65 
3619 69 
8600 68 
9694 67 
4082 70 
8209 71 
2920 72 
3430 74 
469 73 
4298 75 
9354 78 
3721 76 
3595 77 
7563 79 
6443 81 
842 80 
7348 83 
7211 84 
3701 82 
8637 88 
6679 85 
4491 86 
2963 87 
4000 89 
2793 0 
9060 90 
910 2 
5801 1 
185 3 
8894 4 
4729 5 
6613 6 
1384 7 
2729 9 
3535 8 
839 10 
3494 13 
4279 12 
9642 14 
4058 11 
1686 15 
3067 16 
7778 18 
8767 19 
5898 20 
7423 17 
6075 21 
8579 22 
4656 25 
3841 23 
3437 24 
4265 27 
6724 26 
7727 28 
917 29 
7658 30 
6891 31 
4740 34 
5193 33 
3213 32 
307 36 
3367 35 
1955 37 
1672 38 
4297 41 
6695 42 
9546 39 
2647 40 
3551 43 
2583 45 
3731 44 
9102 51 
2365 46 
4683 47 
7807 50 
637 48 
7748 49 
4722 52 
7063 53 
9218 56 
5768 55 
5574 54 
5485 57 
6976 58 
6364 60 
7753 59 
3575 61 
8590 62 
4158 63 
4133 65 
2942 64 
7430 67 
2154 66 
8125 69 
4802 68 
2110 70 
8504 71 
3769 72 
3748 74 
8335 73 
8877 75 
7580 78 
8485 76 
4198 77 
7441 80 
4100 79 
2843 81 
1655 85 
9686 86 
6160 87 
5437 83 
5871 84 
7804 89 
2418 82 
954 88 
353 90 
903 0 
8353 2 
2793 1 
3012 3 
9126 4 
7011 5 
2544 6 
680 7 
1535 9 
1381 8 
3379 10 
6163 13 
4035 12 
3666 14 
6670 11 
5224 15 
4282 16 
6037 18 
6951 19 
4645 20 
2417 17 
3875 24 
6006 21 
6121 22 
9452 25 
2815 23 
426 26 
860 27 
5550 28 
1379 29 
7803 32 
4841 30 
3547 31 
5736 34 
9649 35 
3877 33 
6341 39 
170 36 
8220 37 
2874 38 
1745 41 
9116 44 
2128 42 
232 40 
4532 43 
5549 45 
2389 49 
5324 51 
6681 46 
9342 47 
6093 50 
7824 48 
3939 52 
3356 54 
6019 53 
2445 56 
8152 55 
8695 57 
924 58 
1793 60 
3750 59 
4729 61 
1178 62 
2238 63 
382 65 
3680 64 
5574 68 
476 67 
5968 66 
9644 70 
5338 69 
8952 71 
9062 72 
9236 73 
4557 74 
2906 75 
8482 78 
7542 76 
9492 77 
5212 80 
7947 79 
1822 82 
4335 81 
6136 85 
7603 86 
6968 87 
6159 83 
3963 84 
3652 89 
9155 88 
7988 90 
1413 0 
9070 2 
9342 1 
8360 3 
8978 4 
6277 5 
1761 8 
2495 6 
6425 7 
4968 9 
4335 11 
3194 15 
1331 16 
6737 10 
7036 13 
9055 12 
9847 14 
1359 17 
4963 18 
6001 19 
2339 21 
8612 20 
8190 22 
2897 23 
1042 24 
2923 27 
6153 25 
7343 26 
5283 28 
4031 30 
6278 31 
1221 29 
2756 32 
6051 36 
5993 34 
4842 35 
9277 33 
5493 37 
7570 38 
9362 39 
574 40 
3045 41 
4900 44 
4756 42 
9905 43 
8579 45 
4999 48 
2922 49 
4115 52 
1621 51 
816 46 
1170 47 
794 53 
1288 50 
5093 55 
3279 54 
219 57 
2969 56 
8931 58 
8306 60 
1511 59 
5133 61 
5803 64 
3702 62 
265 63 
7594 65 
9960 68 
6577 67 
9895 66 
9058 70 
4127 69 
3972 71 
7946 72 
1769 73 
6982 76 
6465 77 
7238 74 
2505 75 
5779 79 
2395 78 
3823 81 
3480 80 
4847 83 
3816 84 
7368 82 
9542 88 
6765 85 
6921 86 
1991 87 
9222 89 
1889 90 
7217 1 
2598 3 
407 4 
5308 0 
7643 2 
7081 8 
8381 5 
1718 6 
7782 10 
5579 7 
1104 12 
6295 11 
7827 9 
5126 15 
3717 16 
9588 13 
7864 19 
662 20 
9240 14 
4864 17 
142 18 
3354 21 
8317 22 
7247 23 
2180 24 
892 27 
4505 25 
3114 26 
2496 28 
7789 29 
4623 30 
7088 31 
9301 33 
1881 32 
8277 36 
1313 35 
6467 34 
1589 37 
4672 38 
7700 41 
8750 42 
8179 39 
4049 40 
5867 43 
8347 45 
1779 44 
4057 46 
2010 47 
7291 50 
5982 48 
5804 49 
4826 52 
2165 51 
5498 53 
2757 55 
719 54 
9778 57 
3806 56 
7856 59 
2974 58 
3263 60 
3102 61 
3256 64 
8455 62 
4225 66 
100 63 
1483 69 
6018 65 
408 68 
913 67 
6507 70 
9454 71 
8166 72 
2430 74 
844 75 
4441 73 
362 78 
7930 76 
1490 77 
4996 79 
5226 81 
585 80 
395 83 
4960 84 
7130 82 
9802 88 
5441 85 
4597 86 
731 87 
8035 89 
7272 0 
1790 2 
4523 90 
3096 1 
8297 3 
6315 4 
1006 5 
4520 6 
2185 7 
8448 9 
3460 8 
162 10 
9071 13 
3476 14 
1083 12 
2705 11 
2946 15 
2056 18 
180 16 
9146 19 
6944 20 
895 17 
7161 21 
7350 22 
9914 25 
6614 23 
6390 24 
5891 27 
7436 26 
6769 28 
2373 29 
2227 30 
9663 31 
725 34 
9174 33 
9227 32 
6012 36 
7170 35 
5943 37 
1574 38 
9773 41 
9168 42 
8212 39 
3658 40 
6734 43 
3925 45 
4170 44 
7662 51 
3538 46 
2883 47 
2561 50 
7353 48 
8842 49 
6037 52 
6130 53 
7301 56 
2231 55 
2694 54 
9114 57 
2145 58 
6669 60 
3258 59 
6766 61 
8640 62 
4853 63 
2757 65 
4485 64 
2239 67 
2682 66 
4656 69 
5256 68 
7988 71 
174 70 
307 72 
9667 74 
805 75 
3600 73 
1982 78 
9331 76 
9595 77 
4553 80 
443 79 
7170 85 
2006 81 
2810 86 
3106 87 
4397 83 
2549 89 
3864 84 
2214 82 
6556 88 
2739 90 
8693 0 
518 2 
2410 1 
4180 3 
5651 4 
8463 5 
5748 6 
847 7 
7421 9 
8220 8 
7613 10 
1183 13 
2671 14 
6115 12 
9695 11 
3763 15 
5290 18 
4702 16 
5595 19 
2994 20 
7721 17 
2633 24 
8994 21 
5777 22 
4806 25 
6696 26 
6740 23 
5076 27 
4069 28 
848 29 
9646 32 
8901 30 
4898 31 
834 35 
7222 34 
3841 33 
3707 39 
1518 36 
3596 37 
9859 38 
1757 44 
8078 41 
2893 42 
8004 40 
6330 43 
4409 45 
5361 49 
6217 51 
4619 46 
5677 47 
8314 50 
5476 48 
6751 54 
7806 52 
5799 53 
9315 56 
9119 55 
2933 57 
5898 58 
1639 60 
6827 59 
5569 61 
9530 62 
3234 63 
9258 65 
9067 68 
2718 64 
3330 67 
1715 66 
9466 70 
5802 69 
9269 71 
8318 72 
5609 73 
9446 74 
4054 75 
7047 78 
7023 76 
1738 77 
8190 80 
4308 82 
8327 79 
8611 85 
6450 81 
2311 86 
397 87 
8096 83 
9716 89 
3400 84 
8222 88 
2332 90 
9322 0 
5056 2 
1798 1 
4624 3 
3557 4 
6445 8 
2122 5 
9236 6 
2685 7 
7967 11 
7976 9 
4894 15 
6405 16 
5611 10 
5829 13 
7341 14 
9978 12 
2571 17 
2314 18 
6047 21 
6634 22 
3714 19 
3908 20 
6921 23 
7619 24 
4262 27 
4195 25 
5472 26 
2307 28 
4627 30 
4559 31 
4078 29 
6550 32 
3741 36 
6206 35 
8543 34 
4529 33 
5203 37 
1296 38 
5354 39 
3217 40 
8312 44 
54 41 
2301 42 
6136 43 
6493 45 
3409 48 
175 49 
6261 52 
5363 51 
3045 46 
1295 53 
9107 47 
7460 50 
4482 55 
868 54 
6570 57 
5014 56 
6306 58 
4445 60 
1988 59 
7295 61 
2503 64 
5706 62 
4151 63 
2866 65 
9931 68 
1155 67 
8091 66 
3097 70 
4712 69 
3549 71 
8068 72 
55 73 
2164 76 
4076 77 
1425 74 
4367 75 
697 79 
7173 78 
9860 81 
4932 80 
7159 83 
8415 84 
9646 82 
9736 88 
9274 85 
4997 86 
3710 87 
4220 89 
119 90 
5686 1 
8205 3 
1126 0 
3563 2 
5581 8 
5819 5 
1365 10 
7703 6 
9771 12 
852 7 
7170 11 
7301 9 
7 15 
3740 16 
6849 19 
613 20 
8450 13 
1909 14 
4767 17 
9234 18 
514 21 
1922 22 
2492 23 
4771 24 
5379 27 
9739 25 
9986 26 
1051 28 
2043 29 
9384 30 
6033 31 
9885 33 
8852 32 
5237 36 
5542 35 
2157 34 
558 37 
2750 38 
8833 41 
767 42 
5997 39 
1024 40 
7270 43 
629 45 
2350 44 
9629 46 
334 47 
9842 50 
9708 48 
1779 49 
1000 52 
3223 51 
2386 53 
2793 55 
6771 54 
5035 57 
976 56 
9527 59 
8233 58 
6169 60 
3434 61 
5872 64 
6519 66 
558 62 
4370 63 
7160 69 
2288 65 
6312 68 
4911 67 
981 70 
3544 71 
6306 74 
590 72 
3230 75 
6100 73 
920 78 
583 76 
9790 77 
756 79 
2764 81 
436 80 
9219 83 
5674 84 
9960 82 
6682 88 
3171 85 
5426 86 
6148 87 
537 89 
7330 0 
8575 2 
6727 90 
363 1 
2513 3 
9066 4 
6502 5 
3227 6 
8036 7 
4568 9 
7775 8 
8426 10 
6789 13 
7702 14 
6145 12 
8706 11 
240 15 
2430 18 
804 16 
7185 19 
201 20 
2796 17 
2781 21 
3190 22 
3108 25 
9718 23 
1236 24 
3216 27 
8182 26 
8267 28 
8790 29 
9393 30 
3457 31 
7450 34 
2161 33 
5165 32 
2626 36 
9584 35 
547 37 
6632 38 
2022 41 
1235 42 
3930 39 
4381 40 
9465 43 
2544 45 
8454 44 
3631 51 
6042 46 
5501 47 
4362 50 
984 48 
7313 49 
4522 52 
7321 53 
8605 56 
598 55 
3960 54 
7915 57 
7950 58 
8119 60 
1832 61 
7534 59 
2954 62 
7306 63 
7262 65 
7331 67 
2520 64 
3565 66 
8323 69 
6875 68 
6449 71 
5201 70 
4391 72 
907 74 
4222 75 
7223 73 
1360 78 
1890 76 
7461 77 
700 80 
576 79 
3006 85 
5666 81 
8179 86 
1079 87 
8335 89 
4623 83 
9423 84 
7063 82 
2297 90 
1969 88 
8022 0 
2920 2 
6231 1 
4677 3 
9334 4 
9512 5 
671 6 
661 7 
4618 9 
2302 8 
8578 10 
9750 13 
2645 14 
2764 12 
4284 11 
7289 15 
9994 18 
2691 16 
548 19 
4228 20 
1614 17 
6505 24 
5197 21 
6294 22 
9501 25 
130 26 
4075 23 
766 27 
6346 28 
6404 29 
319 32 
1606 30 
3236 31 
3676 35 
8533 34 
3854 33 
9207 39 
6257 36 
93 37 
7844 38 
5896 44 
3510 41 
5140 42 
2260 40 
417 43 
9725 45 
6756 49 
1139 51 
7828 46 
5419 47 
9505 50 
4250 48 
8918 54 
1333 52 
1380 53 
7990 56 
4697 55 
6597 57 
267 58 
5334 60 
5425 61 
7429 59 
6426 62 
147 63 
8504 65 
4907 68 
670 67 
4433 64 
2857 70 
3058 66 
9555 69 
1334 71 
6053 72 
1243 73 
2818 74 
4158 75 
793 78 
2016 76 
2298 77 
7434 80 
5994 82 
3124 79 
4542 85 
4222 81 
6888 86 
5117 87 
4305 89 
3117 83 
6969 84 
100 90 
1716 88 
1129 0 
7562 2 
6284 1 
5966 3 
839 4 
8451 8 
7392 5 
8098 6 
5816 7 
689 11 
5707 9 
9832 15 
5100 16 
7356 10 
9236 13 
3204 14 
5662 12 
4993 17 
7370 18 
7773 21 
4761 22 
2358 19 
1226 20 
6578 23 
3251 24 
781 27 
2741 25 
2296 26 
7240 28 
1834 30 
9213 31 
6211 29 
7057 32 
3254 36 
4855 35 
420 34 
4205 37 
321 38 
8991 33 
8164 39 
3443 40 
3770 44 
8561 41 
4122 42 
3048 43 
8416 48 
9046 45 
5183 49 
1774 52 
1590 51 
2887 53 
1382 46 
713 47 
6994 50 
6399 55 
8226 54 
1016 57 
4074 56 
186 58 
6257 60 
1340 61 
8223 59 
249 64 
1903 62 
4671 63 
8771 65 
7413 68 
4705 67 
5889 70 
6116 66 
2661 69 
2633 71 
9908 72 
6652 73 
4693 76 
9707 77 
1758 74 
4495 75 
6940 79 
1399 78 
4738 81 
7752 80 
1819 83 
8298 84 
1145 82 
2955 88 
5154 85 
2637 86 
3801 87 
430 89 
4384 90 
9264 1 
5785 3 
4630 4 
200 0 
1635 2 
2708 8 
3497 10 
5552 5 
5516 6 
3573 12 
2797 7 
2023 11 
1963 9 
7629 15 
1428 16 
1492 19 
98 20 
6159 13 
5816 14 
5388 17 
9317 18 
9789 21 
7340 22 
9761 23 
5718 24 
3536 27 
5880 28 
4451 25 
2280 26 
3499 29 
8693 30 
8006 31 
2027 33 
4249 32 
5638 36 
948 35 
7676 37 
6443 34 
5686 38 
3018 41 
2175 42 
373 40 
27 39 
7660 43 
7556 45 
49 44 
8693 46 
1311 47 
8162 50 
6528 48 
1444 49 
6935 52 
5317 53 
3156 51 
635 55 
9799 54 
8216 57 
5942 56 
3420 59 
5987 58 
5328 60 
4272 61 
7158 64 
3711 66 
4778 62 
3293 63 
7478 69 
8698 65 
4273 68 
8830 67 
1699 70 
8797 71 
3666 74 
7658 72 
6452 75 
8082 73 
2643 78 
2127 76 
5669 77 
148 79 
1800 81 
9538 80 
3329 83 
2133 84 
5856 82 
7084 88 
6580 85 
3412 86 
3358 87 
5043 89 
4647 0 
4963 2 
3803 90 
3937 1 
5758 3 
3844 4 
1393 5 
1156 6 
7514 7 
8891 9 
5228 8 
9281 10 
8972 13 
2789 14 
3492 12 
8520 11 
7565 18 
7861 15 
2406 16 
8547 19 
875 20 
343 17 
3916 21 
4988 25 
1895 22 
6955 23 
5291 24 
4830 27 
5817 28 
1622 26 
3328 29 
3980 30 
9601 31 
5092 34 
3456 33 
1725 32 
5410 36 
9783 35 
4613 37 
2101 38 
7708 41 
9466 42 
2009 40 
1193 39 
7942 43 
679 45 
865 51 
6576 44 
8393 46 
8809 47 
5957 50 
8335 48 
5757 49 
7719 52 
4021 53 
9076 56 
8388 55 
7965 54 
8736 58 
2677 57 
6435 60 
3525 61 
3751 59 
7104 62 
6958 63 
1206 65 
2086 67 
3573 64 
7573 66 
5593 69 
6399 68 
4703 71 
2296 70 
9396 72 
8439 74 
3057 75 
5371 73 
9912 78 
2951 76 
6736 77 
616 80 
1422 79 
3127 85 
853 86 
764 81 
6607 87 
4937 89 
7846 83 
1832 84 
5842 82 
1651 90 
334 88 
1340 0 
2265 2 
4689 1 
2563 3 
9644 4 
5788 5 
4951 6 
1433 7 
8735 9 
9721 8 
5943 10 
4518 13 
6158 14 
1537 12 
8259 11 
7354 18 
4070 15 
8358 16 
3112 19 
2696 20 
3494 17 
2391 24 
93 21 
1787 25 
6665 26 
529 22 
4638 23 
4377 27 
562 28 
1649 32 
6421 29 
9542 30 
3410 31 
5570 35 
8545 34 
5031 33 
3639 39 
5768 36 
6792 37 
4460 38 
8200 44 
3186 41 
8275 42 
4761 40 
6027 43 
4748 45 
5787 49 
6432 51 
1980 46 
6921 47 
5905 50 
4022 48 
5929 54 
1351 52 
3766 53 
8147 56 
3451 55 
6152 58 
5152 57 
7848 60 
3472 61 
9315 59 
936 62 
4218 63 
3662 65 
4022 68 
3681 67 
4661 64 
1188 70 
6456 66 
5230 69 
1724 71 
4508 72 
2567 73 
2545 74 
8332 75 
4145 78 
1682 76 
2889 77 
3208 80 
9908 82 
4877 79 
8060 85 
3021 86 
7048 81 
564 87 
2413 89 
4251 83 
5023 84 
9934 90 
1221 88 
2553 0 
781 2 
8437 1 
1756 3 
5781 4 
3280 8 
6597 5 
1803 6 
5315 7 
3131 11 
9485 9 
5687 15 
8770 16 
9098 10 
2509 13 
4439 14 
9614 17 
1045 12 
8638 18 
8031 21 
314 22 
7704 23 
1962 19 
8935 20 
226 24 
8639 27 
4981 28 
9804 25 
168 26 
3639 30 
5302 31 
183 32 
2799 29 
7119 36 
9103 35 
1899 37 
1836 34 
6767 38 
5793 33 
725 40 
1820 39 
5364 44 
6596 41 
224 42 
6903 43 
6297 48 
6817 45 
5532 49 
6931 52 
7878 53 
6714 51 
8638 46 
4074 47 
9285 50 
6858 55 
6137 54 
1282 57 
6955 56 
9230 58 
7631 60 
2961 61 
9448 59 
4547 64 
7723 62 
7932 63 
2493 65 
9723 68 
7847 67 
9319 70 
1888 66 
1852 69 
6400 71 
3733 72 
8825 73 
4609 76 
7623 77 
7182 74 
3245 75 
3281 79 
1143 78 
7424 81 
7440 80 
3187 83 
4688 84 
9138 82 
2101 88 
4106 85 
301 86 
714 87 
1798 89 
6790 90 
9023 1 
1019 3 
5888 4 
9921 0 
8153 2 
7087 8 
4193 10 
804 5 
2002 12 
872 6 
8500 7 
4089 11 
6994 9 
1614 15 
8164 16 
3837 19 
683 20 
611 13 
725 17 
4238 14 
4274 18 
2026 21 
2281 22 
7359 23 
685 24 
9899 27 
1924 28 
6622 26 
7463 25 
2096 29 
1392 30 
8316 31 
8348 33 
6452 32 
7340 36 
5697 35 
5076 37 
581 38 
1380 34 
1967 41 
9774 42 
2466 40 
6910 43 
2505 39 
6953 45 
4429 44 
4814 46 
3097 47 
9050 50 
6758 48 
3599 49 
1752 52 
9145 53 
3159 51 
4868 55 
9782 54 
2166 57 
2071 56 
5851 59 
6998 58 
7123 60 
1233 61 
9164 64 
2244 66 
5807 62 
8459 63 
5073 69 
6237 65 
7038 68 
1007 67 
8729 70 
7045 71 
2793 74 
1784 75 
9990 72 
7399 73 
9195 78 
2343 76 
23 77 
352 79 
1627 81 
3503 83 
1950 80 
9734 84 
1149 82 
7522 88 
2518 85 
2641 86 
7640 87 
5744 0 
3821 89 
3604 2 
2234 1 
604 90 
9596 3 
5216 4 
118 5 
6244 6 
7687 7 
8879 9 
5485 8 
5127 13 
2352 10 
738 14 
4631 12 
9872 11 
4653 18 
2630 15 
7006 16 
9355 19 
1493 20 
5707 17 
7434 25 
3741 21 
5349 22 
8821 23 
4674 24 
1476 27 
3609 28 
4897 26 
8239 29 
8037 30 
1836 31 
7429 34 
5775 33 
2638 32 
356 36 
6545 35 
6596 37 
5153 38 
4989 41 
3905 42 
3881 40 
4300 43 
8460 39 
6481 45 
8595 51 
5532 44 
8731 46 
8257 47 
726 50 
4282 48 
6028 49 
885 52 
4078 56 
3406 53 
4181 55 
3616 54 
7852 58 
1939 57 
4446 60 
2538 61 
9154 59 
1431 62 
83 63 
5447 65 
2928 67 
7590 64 
4028 66 
7559 69 
1615 71 
8046 68 
5997 70 
5112 72 
280 74 
6602 75 
3181 73 
8960 78 
4341 76 
4181 77 
9964 80 
9972 79 
6984 85 
3718 86 
4282 87 
3311 81 
9952 89 
9948 83 
7773 84 
7741 90 
1918 82 
9315 88 
2987 0 
2943 2 
6054 1 
4405 3 
7942 4 
9546 5 
4851 6 
5487 7 
3214 9 
4971 8 
6324 13 
9009 10 
1046 14 
460 12 
4898 11 
3237 18 
2291 15 
2894 16 
97 19 
6582 20 
7018 24 
6069 17 
6580 26 
3297 25 
9972 21 
3417 22 
9527 23 
4128 27 
2990 28 
4796 32 
3674 29 
8364 35 
5936 30 
8785 31 
1524 34 
7657 33 
8927 39 
469 36 
3562 37 
4149 38 
6166 44 
785 41 
6046 42 
2490 40 
2430 43 
9719 45 
825 49 
7216 51 
4319 46 
3861 47 
5786 50 
4907 48 
8115 54 
7724 52 
1219 56 
1918 53 
3915 55 
9788 58 
6434 57 
7157 60 
141 61 
4747 59 
1881 62 
3731 63 
8299 65 
4345 68 
1247 67 
6982 70 
7066 64 
4523 66 
3579 69 
7468 71 
8992 72 
8344 73 
1642 74 
4811 75 
7328 78 
9594 76 
6287 77 
6618 80 
4884 82 
4777 79 
640 85 
2751 86 
1190 87 
3985 81 
2938 89 
4008 83 
2199 84 
6338 90 
1528 88 
2966 0 
1102 2 
4032 1 
9028 3 
8783 4 
7084 8 
999 5 
1770 6 
4985 7 
8911 11 
5293 9 
6981 15 
8391 16 
2397 13 
9332 10 
9939 17 
8470 14 
788 12 
5863 18 
4829 21 
436 22 
9286 23 
9640 19 
8099 20 
9787 24 
3981 27 
2882 28 
891 26 
4407 25 
5350 30 
6687 31 
4509 32 
2868 29 
4027 36 
5265 35 
8880 37 
4350 38 
4461 34 
543 33 
7038 40 
6501 39 
273 44 
2685 41 
172 42 
472 48 
1819 43 
4771 45 
6251 49 
3564 52 
2746 53 
7512 51 
9930 46 
5994 47 
6642 50 
6282 55 
9541 54 
4128 57 
673 56 
2843 58 
7970 60 
4454 61 
5155 59 
8379 64 
4763 62 
5687 63 
2760 65 
8380 68 
7187 67 
9320 70 
452 66 
1149 69 
8648 71 
4310 72 
6079 73 
6173 76 
8360 77 
3481 74 
3083 79 
3848 75 
8333 81 
1484 78 
8824 83 
6868 80 
7107 84 
9004 82 
6237 88 
2663 85 
1235 86 
4077 87 
9567 89 
904 1 
7474 90 
313 3 
6536 4 
8541 0 
6196 2 
808 8 
6174 10 
5813 12 
7229 5 
2684 6 
4038 7 
1508 11 
9596 9 
6106 15 
5901 16 
1641 19 
7732 20 
6484 17 
9117 13 
9502 14 
3563 21 
6691 18 
5235 22 
1565 23 
757 24 
4607 27 
5326 28 
3448 26 
9121 25 
5732 29 
9516 30 
9534 31 
9083 33 
6058 32 
5751 36 
2284 35 
9618 37 
5093 38 
6376 34 
61 41 
6541 42 
4245 43 
1957 40 
3451 39 
2149 45 
4679 44 
8298 46 
9722 47 
1065 50 
531 48 
3030 52 
8035 49 
7142 53 
4861 51 
3427 55 
1683 54 
8753 57 
345 56 
8897 59 
8785 58 
4388 60 
8581 61 
5496 64 
52 66 
4025 62 
5705 63 
2816 69 
5583 65 
2082 68 
5581 67 
3108 70 
2694 71 
6387 74 
5406 75 
7007 72 
6076 73 
2658 78 
8364 76 
4384 77 
613 79 
9953 81 
6482 83 
8720 84 
4494 80 
2801 82 
115 88 
341 85 
5449 86 
8709 87 
3632 0 
7294 89 
1665 2 
2748 1 
3198 90 
5956 3 
2563 4 
5056 5 
4743 6 
5011 7 
9810 9 
90 13 
2314 8 
2331 10 
9341 14 
8198 12 
8118 11 
1776 18 
5826 15 
2408 16 
991 19 
9321 20 
8836 17 
8913 25 
4218 21 
6216 22 
5193 23 
9105 24 
1440 27 
8283 28 
1310 26 
7409 29 
1271 30 
6771 31 
7865 34 
3359 33 
4061 32 
5170 36 
7478 35 
1134 37 
9964 38 
7661 41 
2318 42 
4710 43 
7427 40 
5269 39 
7439 45 
2266 51 
6822 44 
4121 46 
3871 47 
6574 50 
5028 48 
9065 52 
1347 49 
3504 56 
1518 53 
3816 55 
2260 54 
3881 58 
315 57 
9754 60 
6785 61 
6299 59 
8081 62 
8839 63 
3144 65 
8100 67 
5015 64 
2929 66 
791 69 
4972 71 
769 68 
5220 70 
10 72 
5139 74 
7921 75 
9530 73 
957 78 
5917 76 
4659 80 
4576 77 
6768 79 
8715 85 
2470 86 
1192 87 
9177 81 
2494 89 
5581 83 
7721 84 
8920 90 
1526 82 
5317 88 
3796 0 
685 2 
1780 1 
5789 3 
5388 4 
7335 5 
1985 6 
8748 7 
9598 9 
7227 13 
3056 8 
3710 10 
2015 14 
3867 12 
20 11 
2431 18 
5345 15 
8828 16 
2429 19 
3907 20 
5035 24 
9631 17 
7744 26 
1423 25 
1547 21 
2367 22 
6101 23 
3208 27 
238 28 
4719 32 
8287 29 
470 35 
5985 30 
7021 31 
7588 34 
9084 33 
5071 39 
9381 36 
7453 44 
6456 37 
9054 38 
6385 41 
8580 42 
2318 43 
323 40 
1133 45 
2858 49 
3451 51 
1709 46 
5474 47 
2567 50 
2314 54 
2187 48 
1332 52 
8725 56 
3655 53 
8908 55 
935 58 
8619 57 
5906 60 
2528 61 
4397 59 
3204 62 
3029 63 
1041 65 
2945 68 
4364 67 
3380 70 
5201 64 
7806 66 
8198 69 
8270 71 
8071 72 
2928 73 
4223 74 
4649 75 
3972 78 
7591 76 
5273 80 
7706 77 
2392 82 
7875 79 
2302 85 
8193 86 
8911 87 
4378 81 
5425 89 
4709 83 
1399 84 
5105 90 
988 88 
6975 0 
4594 2 
9396 1 
9380 3 
9379 8 
6665 4 
5987 5 
4599 6 
4533 7 
3308 11 
3876 9 
2740 15 
3671 16 
1900 17 
2301 13 
7866 10 
8281 14 
2001 12 
6191 21 
6947 18 
7298 22 
503 23 
7609 19 
3489 20 
7810 24 
8452 27 
1288 28 
1981 26 
1089 25 
622 30 
2227 31 
6295 32 
3574 29 
8999 36 
6185 35 
6219 37 
5653 38 
9442 34 
7626 33 
8757 40 
1662 39 
905 44 
3234 41 
8408 42 
6185 48 
7849 43 
1043 45 
56 52 
6832 49 
4649 53 
7253 51 
429 46 
4612 47 
4841 50 
3177 55 
8252 54 
1830 57 
5084 56 
4114 58 
7224 60 
8839 61 
2008 64 
2184 59 
6409 62 
333 63 
1359 65 
1974 68 
1369 67 
4612 70 
2942 66 
5523 69 
7788 71 
6366 72 
8344 73 
9475 76 
9850 77 
2431 74 
3023 79 
1125 75 
2 81 
9927 78 
5640 83 
2927 84 
8145 80 
7744 82 
75 88 
280 85 
7088 86 
8557 87 
5021 89 
3194 1 
5049 90 
9346 3 
1014 4 
5362 0 
2632 2 
2593 8 
2020 10 
5370 12 
146 5 
2099 6 
6854 11 
3364 7 
6135 15 
4889 9 
4442 16 
2675 19 
7498 20 
4084 17 
173 13 
5350 14 
551 21 
4433 22 
8723 18 
7320 23 
5601 24 
4729 27 
2761 28 
8582 26 
453 25 
9477 29 
6764 30 
2282 31 
4491 33 
56 32 
9375 36 
5223 37 
2943 35 
5049 38 
6826 34 
6705 41 
7307 42 
5475 43 
7018 40 
4282 39 
915 45 
9696 46 
7665 44 
5001 47 
1496 50 
4924 48 
6214 52 
102 49 
422 53 
3725 51 
1238 55 
5794 54 
6162 57 
8391 59 
4901 56 
4693 58 
8500 60 
9028 64 
607 66 
958 61 
2079 62 
7884 69 
9524 63 
9427 65 
4161 68 
3565 67 
9746 70 
6229 71 
3410 74 
1355 75 
5856 72 
5316 73 
7510 78 
2198 76 
9065 77 
5727 79 
8764 81 
6824 83 
2239 84 
5830 80 
5891 82 
7711 88 
3264 85 
8706 86 
2785 0 
9993 87 
989 89 
6571 2 
6900 1 
3869 90 
1982 3 
8624 4 
6488 5 
4644 6 
3118 7 
5210 9 
8334 13 
5204 8 
1008 10 
6553 14 
1345 12 
5353 11 
1486 18 
7622 15 
3913 16 
9778 19 
4717 20 
3591 17 
3070 25 
8902 21 
6118 22 
181 23 
2952 24 
1934 27 
4022 28 
5057 26 
8077 29 
9974 34 
7791 30 
2184 31 
3486 33 
3687 32 
2493 36 
7367 37 
311 35 
5655 38 
6425 41 
8854 42 
7828 43 
3930 40 
5317 39 
9891 45 
307 51 
2540 46 
3557 44 
6108 47 
8535 50 
1925 48 
9067 52 
9780 49 
2346 56 
174 53 
2618 55 
7635 58 
74 54 
3519 57 
5964 60 
3504 61 
4117 59 
2651 62 
9731 63 
3775 65 
7699 67 
6160 64 
8629 66 
8523 69 
4604 71 
792 68 
4849 70 
759 72 
4483 74 
3353 75 
4155 73 
9339 78 
7903 76 
7489 80 
5662 77 
5242 79 
524 85 
7199 86 
6360 87 
459 81 
2953 89 
1449 83 
4718 84 
4375 90 
4102 82 
9372 88 
6512 0 
1457 2 
4708 1 
2093 3 
998 4 
6508 5 
7846 6 
6961 7 
7280 9 
6734 13 
1823 8 
8855 10 
8111 14 
3527 12 
8654 11 
2484 18 
1612 15 
3549 16 
976 19 
7078 20 
6444 24 
6575 17 
4593 26 
4883 25 
5191 21 
2451 22 
7588 23 
8102 27 
750 28 
5900 32 
8273 29 
3043 35 
3343 34 
6974 30 
5090 31 
8244 33 
4559 39 
4546 36 
6917 44 
513 37 
1871 38 
3192 41 
7817 42 
5701 43 
990 40 
1626 49 
6343 45 
3212 51 
8456 46 
6523 47 
328 50 
2171 54 
8215 48 
5258 52 
1347 56 
7284 53 
8085 55 
522 58 
6097 57 
5810 60 
9967 61 
1622 59 
6350 62 
9592 63 
2900 65 
12 68 
7300 67 
1895 70 
267 64 
5668 66 
3814 69 
4876 71 
1929 72 
6328 73 
6939 74 
37 75 
2875 78 
6459 76 
4108 80 
3690 77 
5294 82 
1235 79 
711 85 
5875 86 
1114 87 
351 81 
9107 89 
35 83 
9731 84 
3287 90 
6822 88 
576 0 
6864 2 
2501 1 
2130 8 
3475 3 
4666 4 
8822 5 
3815 6 
1006 11 
7964 7 
5082 15 
728 9 
3487 16 
7786 17 
6581 13 
4322 10 
6032 14 
9871 12 
1704 21 
354 22 
3360 18 
2852 23 
1322 19 
2952 20 
187 24 
4326 27 
9040 28 
495 26 
6911 25 
5868 30 
7509 31 
6232 32 
7331 29 
6638 36 
7073 37 
7921 35 
5038 38 
9266 34 
8895 33 
2299 40 
1608 39 
7525 44 
5389 41 
2059 42 
1333 48 
691 43 
6014 52 
7554 49 
9291 45 
6922 53 
468 51 
5889 46 
5294 47 
678 55 
4850 50 
8842 54 
9262 57 
5653 56 
8727 58 
5912 60 
3717 64 
5094 61 
8268 59 
7571 62 
2461 63 
4842 65 
5520 68 
9447 67 
6015 70 
9560 66 
5775 69 
2462 71 
4408 72 
6011 73 
6145 76 
9607 77 
1840 79 
215 74 
8421 75 
6759 81 
5861 78 
9210 83 
9221 84 
1805 80 
3364 82 
2465 88 
1540 85 
1077 86 
3874 87 
8845 89 
4965 1 
3121 90 
5745 3 
4316 4 
8234 0 
5646 2 
5442 10 
3399 8 
1677 12 
5944 5 
4197 6 
7784 11 
1941 7 
2306 15 
9253 9 
2645 16 
9448 19 
8395 20 
5208 17 
8418 13 
4234 14 
1011 21 
4243 22 
1711 18 
3269 23 
9754 24 
4801 27 
8369 28 
2173 26 
8421 25 
7525 29 
8523 30 
4331 31 
3229 33 
7711 32 
9430 36 
3527 37 
8051 38 
4392 35 
2457 41 
3312 42 
9989 34 
7662 43 
355 40 
4974 39 
2120 45 
1796 46 
1243 47 
2684 44 
7092 50 
6910 48 
4692 52 
9088 49 
4496 53 
3365 51 
7213 55 
537 54 
7068 57 
1258 59 
5208 56 
7994 58 
2230 60 
5587 66 
2753 64 
7045 61 
2696 62 
2141 69 
9395 63 
8446 65 
782 68 
8883 70 
3073 67 
4635 74 
73 71 
9644 75 
9035 72 
4133 78 
671 73 
2544 76 
617 77 
9992 79 
1983 81 
4988 83 
5780 84 
6095 80 
7875 82 
9599 88 
3842 85 
6468 0 
3325 86 
7515 87 
3314 2 
8387 89 
399 1 
2445 3 
9697 90 
6765 4 
7997 5 
545 6 
1392 7 
7147 9 
2667 13 
3482 14 
3659 10 
174 8 
5883 12 
3739 11 
7784 18 
6900 15 
7304 16 
8276 19 
272 20 
5175 17 
4606 25 
4833 21 
789 22 
5406 23 
5339 24 
8188 27 
8496 28 
1167 26 
9701 29 
1357 34 
4527 30 
9586 31 
3875 33 
669 32 
8405 36 
855 37 
5098 38 
4003 35 
3853 41 
5665 42 
2045 43 
2480 40 
4825 39 
3243 45 
9805 51 
4185 46 
3311 47 
58 44 
5117 50 
2049 48 
6345 52 
9016 56 
7790 49 
3383 53 
2313 55 
9914 58 
8024 54 
3468 60 
1802 57 
168 61 
6476 59 
1090 62 
1115 63 
2707 65 
6626 67 
1227 66 
318 64 
4523 69 
6112 71 
2940 68 
9764 72 
2636 70 
5566 74 
4695 75 
6418 78 
443 73 
3442 76 
8183 80 
4765 77 
8293 85 
2874 79 
5053 86 
7283 87 
6057 89 
8805 81 
3035 83 
2906 84 
870 90 
9646 82 
3974 88 
7794 0 
7504 2 
6155 1 
5084 3 
6193 4 
5374 5 
5987 6 
2807 7 
7988 9 
9517 13 
6310 14 
6040 10 
4323 8 
2001 12 
3490 11 
1239 18 
9736 15 
3123 16 
2517 19 
5320 20 
9563 24 
9770 17 
1122 26 
1716 25 
1443 21 
748 22 
1766 23 
3070 27 
6145 28 
2575 32 
1274 29 
7794 35 
3148 34 
1635 30 
5966 31 
3900 33 
5307 39 
5251 36 
7347 44 
6634 37 
6967 38 
7616 41 
8370 42 
3264 43 
5215 40 
6163 49 
7179 45 
592 51 
9047 46 
6606 47 
222 50 
7607 54 
801 48 
6971 52 
7344 56 
5240 53 
2323 55 
2476 58 
6685 60 
3986 57 
8601 61 
6654 59 
5465 62 
5950 63 
1299 65 
6960 68 
626 70 
5245 67 
1123 66 
9534 64 
2876 69 
2762 71 
5433 72 
9148 73 
460 74 
9418 75 
3590 78 
9439 76 
3886 80 
6970 77 
4589 82 
5709 85 
5553 79 
6173 86 
7878 87 
7609 89 
6901 81 
6506 83 
9014 84 
4944 90 
4085 88 
8540 0 
9219 2 
8289 1 
7177 8 
526 3 
2052 4 
103 5 
4648 6 
3483 11 
7728 7 
6996 15 
2084 9 
6994 16 
486 17 
486 13 
8608 14 
1158 10 
6039 12 
5866 21 
1350 22 
4178 18 
3720 23 
3013 19 
6215 20 
4641 24 
4350 27 
1118 28 
2424 26 
4629 25 
1703 30 
246 31 
808 32 
8493 36 
1456 29 
5096 37 
4705 38 
3668 35 
5677 34 
9029 33 
9098 40 
5694 39 
6143 44 
4614 41 
2325 48 
3810 42 
3034 43 
7386 52 
3211 49 
3349 45 
9642 53 
2211 51 
8938 46 
4912 55 
9108 47 
1341 50 
2533 54 
1634 57 
834 56 
4716 58 
63 60 
7146 64 
5611 61 
9337 59 
8635 62 
97 63 
1216 65 
8485 68 
7702 70 
2868 67 
2660 66 
2668 69 
6878 71 
4734 72 
674 73 
4691 76 
5825 77 
242 79 
2541 74 
8184 75 
6585 81 
3093 78 
6615 83 
5078 84 
7932 80 
3723 82 
4265 88 
1355 85 
2442 86 
8574 87 
1450 89 
786 1 
9283 3 
2414 90 
9884 4 
9782 0 
5871 2 
3870 10 
1588 8 
8014 12 
6501 5 
828 6 
8857 11 
3023 7 
919 15 
1790 16 
6354 9 
6421 19 
5829 20 
1935 17 
80 13 
3351 14 
3784 21 
4787 22 
5316 18 
7653 23 
826 24 
3212 27 
3769 28 
851 26 
5998 25 
8333 29 
3742 30 
5498 31 
3128 33 
1467 32 
6020 36 
560 37 
5422 38 
3999 35 
5967 41 
7609 42 
9929 34 
2818 43 
2026 40 
88 45 
580 39 
9908 46 
3758 47 
1437 50 
3883 44 
3863 48 
2679 52 
5998 49 
9449 53 
467 51 
3959 55 
8694 54 
1465 57 
8973 59 
3087 56 
7417 58 
3598 60 
9938 66 
5760 64 
5665 61 
6702 69 
7286 62 
9023 63 
529 65 
5871 68 
5075 70 
5207 67 
6086 74 
1064 71 
1744 75 
7048 78 
2243 72 
3518 73 
7453 76 
9517 77 
6861 79 
1366 81 
7312 83 
7165 84 
3170 80 
2621 82 
9969 88 
4802 0 
2068 85 
7765 86 
6862 87 
2607 2 
8282 89 
5653 1 
3602 3 
2701 90 
1812 4 
3337 5 
5335 6 
9553 7 
7595 9 
4764 13 
6125 14 
3971 10 
8299 8 
1623 12 
5081 18 
1775 11 
7181 15 
4962 16 
7038 19 
9414 20 
8054 17 
2902 25 
2816 21 
7037 22 
642 23 
7208 24 
5460 27 
7833 28 
769 26 
2749 29 
1376 34 
8888 30 
24 31 
4593 33 
5287 32 
9629 36 
3835 37 
2155 38 
8821 35 
6281 41 
7358 42 
1651 43 
5787 40 
8564 45 
5436 39 
4188 51 
9581 46 
3922 47 
1823 50 
3214 44 
930 48 
8742 52 
1503 56 
2727 49 
6972 53 
703 55 
5438 58 
2549 54 
2795 60 
5708 57 
3988 61 
5548 59 
8997 62 
9373 63 
14 65 
8756 67 
818 66 
8630 64 
6856 69 
6188 71 
2087 68 
6890 72 
5496 70 
9330 74 
8672 75 
8729 78 
4592 73 
8576 80 
9409 76 
9702 77 
6717 85 
3590 79 
1928 86 
398 87 
888 89 
3206 81 
6431 83 
2564 84 
5799 90 
3520 82 
6593 88 
3100 0 
9286 2 
4747 1 
7159 3 
8167 4 
9355 5 
480 6 
6378 7 
6094 9 
9057 13 
8651 14 
7814 10 
2285 8 
9401 12 
5926 18 
108 11 
8103 15 
762 16 
2248 19 
7008 24 
1142 20 
4486 17 
1139 26 
8139 25 
8775 21 
7953 22 
1344 23 
4901 27 
7246 28 
4193 32 
7945 29 
4777 35 
9736 34 
8874 30 
2311 31 
8492 33 
1894 39 
4744 36 
208 44 
9997 37 
8374 38 
6808 41 
4496 42 
1739 43 
5072 49 
1454 40 
5990 45 
4860 51 
716 46 
9721 47 
7355 50 
4169 54 
2129 48 
3632 52 
2555 56 
5948 53 
5368 55 
9266 58 
1103 60 
9625 57 
5560 61 
2434 59 
3860 62 
7376 63 
269 65 
1724 68 
42 70 
2219 67 
7700 66 
8302 64 
1839 69 
6188 71 
3469 72 
8167 73 
1096 74 
7982 75 
2252 78 
2292 80 
1077 76 
7557 82 
419 77 
2426 85 
1880 79 
9136 86 
7506 87 
1413 89 
3305 81 
8462 83 
166 84 
9030 90 
9404 88 
8457 0 
9411 2 
2242 8 
1051 1 
6782 3 
8069 4 
2058 5 
2002 6 
1737 11 
3796 7 
1888 15 
5456 16 
3397 9 
1457 17 
978 13 
4223 14 
3101 10 
2004 12 
6280 21 
2900 22 
2732 18 
3690 23 
7280 19 
810 24 
966 20 
9090 27 
2804 28 
5151 26 
4094 25 
7650 30 
8023 31 
2803 32 
2714 36 
577 29 
2770 37 
5249 38 
9353 35 
3831 34 
9774 40 
7706 33 
1868 39 
5958 44 
684 48 
8764 41 
2176 42 
9988 52 
3618 43 
9363 49 
7196 45 
5622 53 
7573 51 
3439 55 
6116 46 
7646 47 
3326 50 
8685 54 
4767 57 
2224 56 
9318 58 
880 60 
2748 64 
8941 61 
9122 59 
1877 62 
3368 63 
921 65 
5591 68 
3738 70 
3368 67 
3112 66 
370 69 
379 71 
876 72 
2662 73 
9057 76 
6062 77 
5297 79 
7012 74 
6995 81 
7411 75 
128 83 
2695 84 
5277 78 
421 80 
2600 82 
4541 88 
6225 85 
2014 86 
5076 87 
4128 89 
4454 1 
1189 3 
2937 90 
2338 4 
3949 0 
4224 2 
6301 10 
7046 8 
6256 12 
920 5 
1489 11 
3275 6 
1178 7 
6943 15 
4877 16 
6434 19 
7202 20 
4875 9 
5571 17 
6197 13 
6557 14 
7660 21 
4534 22 
4867 23 
6967 18 
6014 24 
639 27 
8558 28 
6878 26 
7696 25 
3832 29 
2164 30 
7039 31 
6195 33 
2542 32 
6181 36 
3254 37 
5497 38 
7804 35 
7033 41 
4308 42 
1633 34 
9276 43 
2177 40 
8481 45 
2118 39 
9272 46 
8043 47 
7853 50 
1500 44 
1737 48 
121 52 
9749 49 
2119 53 
8491 51 
9895 55 
6237 54 
9903 57 
7157 59 
767 56 
397 58 
6606 66 
5899 60 
2509 64 
6930 61 
9206 69 
5861 62 
6743 63 
8474 68 
8740 65 
972 70 
505 67 
1355 74 
7386 75 
3691 71 
6741 78 
3948 72 
7591 73 
6956 76 
3813 77 
4789 79 
3871 81 
9855 83 
9598 84 
2333 80 
5041 88 
7111 82 
4927 0 
6840 85 
2288 86 
3076 2 
3582 87 
6767 89 
8796 1 
6015 3 
4743 4 
6867 90 
2909 5 
1246 6 
420 7 
1814 9 
9367 13 
3534 14 
1709 10 
3752 8 
1027 12 
9991 18 
6389 11 
6969 15 
4241 16 
2177 19 
7536 20 
2752 17 
818 25 
2098 21 
4206 22 
292 23 
6950 24 
53 27 
8011 28 
7915 26 
4680 29 
1852 34 
9770 30 
1773 31 
7857 33 
2291 32 
389 36 
6298 37 
9769 38 
3882 35 
7790 41 
676 42 
7276 43 
9538 40 
5173 45 
5976 39 
4317 51 
4852 46 
6591 47 
8072 50 
8680 44 
9132 48 
613 56 
9610 52 
5428 49 
8502 53 
9312 55 
745 58 
2675 60 
4037 54 
9628 57 
2342 61 
3324 59 
7581 62 
6856 63 
9431 65 
7048 67 
8369 66 
7311 64 
165 69 
9631 71 
6253 72 
326 68 
94 70 
3613 74 
3416 75 
9133 78 
6229 73 
8463 80 
8525 76 
9537 77 
3010 85 
7559 86 
3706 79 
598 87 
708 89 
3501 81 
7576 83 
2004 90 
9284 84 
8613 88 
3648 82 
1898 0 
2496 2 
2429 1 
4363 3 
4798 4 
8940 5 
8740 6 
8483 7 
1497 9 
9778 13 
9578 14 
7128 10 
3176 8 
3340 12 
8709 18 
5264 11 
3005 15 
1948 24 
1313 16 
4869 19 
94 20 
8743 17 
4800 26 
7278 25 
8437 21 
1509 22 
6371 23 
4196 27 
1829 32 
3259 28 
2573 29 
352 35 
3064 34 
9277 30 
5250 31 
3284 33 
354 39 
2652 44 
1110 36 
9492 37 
1588 38 
1677 41 
6508 42 
7098 43 
4102 49 
7249 40 
4501 45 
4482 51 
6506 46 
3662 47 
6289 50 
3285 54 
8769 48 
9416 56 
8253 52 
1277 53 
8737 55 
6328 58 
4496 60 
5944 57 
8433 61 
5679 59 
7751 62 
410 63 
3779 68 
9749 65 
7619 70 
1644 67 
9294 66 
9968 64 
1757 69 
8241 71 
1527 72 
2521 73 
4152 74 
2059 75 
3589 78 
805 80 
1117 76 
8661 82 
2977 77 
6813 85 
211 86 
8736 79 
1791 87 
2790 89 
7881 81 
8892 83 
8747 90 
9772 84 
5931 88 
9345 0 
6937 2 
4931 8 
4523 1 
286 3 
2277 4 
7672 5 
6786 11 
1588 6 
7373 7 
116 15 
6116 16 
9557 9 
2900 17 
8429 13 
7316 14 
8111 10 
9869 12 
7157 21 
925 22 
7161 23 
8299 18 
1636 24 
3759 19 
9156 20 
7260 27 
9376 28 
1947 26 
6602 25 
2984 30 
9729 31 
6381 32 
6572 36 
5164 29 
4943 37 
7033 38 
2634 35 
7537 34 
703 40 
3231 33 
5874 39 
1705 44 
3118 48 
7407 41 
3394 42 
6710 52 
1564 43 
4407 49 
8480 53 
6359 45 
4432 51 
1993 55 
7565 46 
338 47 
8040 50 
8511 54 
3699 57 
398 56 
7265 58 
5992 60 
8419 64 
6482 61 
2142 59 
3467 62 
5840 63 
5111 68 
2373 65 
726 70 
6133 67 
9323 66 
5354 69 
4376 71 
6322 72 
368 73 
7966 76 
8589 77 
5145 79 
5689 74 
86 81 
7129 75 
1460 83 
8438 84 
6104 78 
9840 80 
8569 88 
2111 82 
1607 85 
4834 86 
2968 87 
3523 89 
2090 1 
5386 3 
9144 4 
6475 90 
7663 0 
349 2 
3233 10 
2735 8 
5161 12 
8656 11 
3926 5 
6183 6 
7644 7 
6289 15 
3348 19 
195 16 
4453 20 
2343 9 
6366 17 
4965 13 
6308 14 
6045 21 
1528 22 
5708 23 
5142 18 
7825 24 
2430 27 
8805 28 
4345 26 
5926 29 
6108 25 
5793 30 
6994 31 
477 33 
4983 32 
5755 36 
3141 37 
4214 38 
5633 41 
1705 42 
4464 35 
311 43 
5080 34 
3667 40 
7009 45 
5193 39 
7746 46 
5 47 
2287 50 
5179 44 
5898 48 
9403 52 
6650 49 
7239 53 
9415 51 
4526 55 
9447 54 
8346 57 
944 59 
2100 56 
4361 58 
9303 66 
4047 64 
6656 60 
944 61 
7898 69 
1620 62 
1584 63 
5594 68 
4093 65 
5043 70 
7229 67 
9766 74 
8753 75 
729 71 
6055 78 
185 73 
2478 72 
9227 76 
7558 77 
8662 79 
9986 81 
5911 83 
6430 84 
3168 80 
6968 88 
7500 82 
6961 0 
3468 85 
7481 2 
9875 86 
4348 87 
294 89 
9547 1 
1240 3 
7439 4 
33 5 
6334 90 
8446 6 
8296 7 
1152 9 
3159 13 
5682 14 
4285 10 
8051 8 
1311 12 
3356 18 
5714 11 
4827 15 
1781 19 
6789 16 
4672 20 
2650 17 
6116 25 
953 21 
2463 22 
8945 23 
9790 24 
1598 27 
7950 28 
5475 26 
244 29 
500 34 
2554 30 
9324 31 
1582 33 
8106 32 
9568 36 
6288 37 
7384 38 
6780 41 
34 42 
4830 35 
695 43 
7781 40 
5660 45 
5371 39 
961 51 
698 46 
6294 47 
4726 50 
6018 44 
5414 48 
3728 56 
1654 52 
1963 49 
7018 53 
5947 58 
1951 55 
5505 60 
2750 54 
1315 57 
1762 61 
7373 59 
7472 62 
1918 63 
6778 65 
1289 67 
5608 66 
8225 64 
5764 69 
6944 71 
6086 72 
3663 68 
1171 70 
1252 74 
7871 75 
2439 78 
3115 80 
1638 73 
1683 76 
9620 77 
9091 85 
7879 86 
9615 87 
9495 79 
5313 89 
2076 81 
864 90 
6036 83 
7598 84 
3380 88 
5342 82 
209 0 
4164 2 
3832 1 
8076 3 
1500 4 
1575 5 
1620 6 
8195 7 
6283 9 
1869 13 
8966 14 
4046 10 
8606 8 
5833 12 
1426 18 
6742 11 
2136 24 
6182 15 
9012 19 
8541 16 
6866 20 
7549 17 
1843 26 
4875 25 
5724 21 
6681 22 
6487 23 
4779 27 
4759 32 
3802 28 
3603 29 
8020 35 
1467 34 
4254 30 
4188 31 
8761 33 
9405 39 
2995 44 
2024 36 
6341 37 
2503 38 
389 41 
1587 42 
2595 49 
2693 43 
8328 40 
1935 45 
6652 51 
1864 46 
3579 47 
8550 54 
1640 50 
605 48 
5409 56 
9980 52 
6097 53 
3017 58 
4116 55 
5142 60 
2866 57 
7343 61 
9062 59 
7611 62 
4423 63 
1765 68 
9645 65 
5437 70 
8889 67 
8529 66 
3198 64 
5733 69 
3116 71 
7496 73 
4849 72 
3787 74 
9028 75 
1586 78 
6699 80 
4249 82 
5081 76 
7300 77 
1628 85 
6738 86 
3276 87 
3574 79 
8056 89 
5347 81 
7073 90 
5798 83 
3910 84 
5580 88 
4186 0 
906 2 
8627 8 
3048 1 
1355 3 
378 4 
8515 11 
3194 5 
8287 6 
5514 7 
9447 15 
2496 16 
6825 9 
2636 17 
7841 13 
9890 14 
8264 10 
7083 12 
4214 21 
6184 22 
6988 23 
1903 18 
1092 24 
9908 19 
938 20 
5196 27 
2514 28 
1402 26 
1587 25 
2910 30 
5720 31 
4195 32 
8175 36 
7672 29 
5041 37 
1682 38 
8504 35 
474 34 
2170 40 
5575 33 
6547 39 
3935 44 
9071 48 
2230 41 
3953 42 
8937 52 
1611 49 
6587 43 
991 53 
6345 45 
1884 51 
502 55 
1257 46 
1011 47 
8727 54 
1266 50 
1725 57 
897 56 
7004 58 
5509 64 
4290 60 
5389 61 
6734 59 
4233 62 
1063 63 
3242 68 
1976 65 
9360 70 
5222 67 
6412 66 
9282 69 
5368 71 
5627 73 
5195 72 
5802 76 
9676 77 
6285 79 
6126 81 
7463 74 
7264 75 
7909 83 
5152 84 
5664 78 
7981 80 
1375 88 
7032 82 
1795 85 
7120 86 
3131 87 
5404 89 
2195 1 
8054 3 
1349 4 
4098 90 
7263 0 
6598 2 
3148 10 
5483 8 
3322 12 
632 11 
2394 5 
2666 6 
7465 15 
4103 7 
5055 19 
911 20 
6651 16 
7079 9 
8647 17 
3605 13 
2709 14 
3159 21 
541 22 
5173 23 
1408 18 
3957 24 
9558 27 
5582 28 
9672 26 
7525 29 
4179 25 
6123 30 
1544 31 
8070 33 
3459 32 
7989 36 
2716 37 
362 38 
8680 41 
7500 42 
2183 35 
6369 43 
905 34 
1526 40 
6674 45 
4601 39 
7027 46 
5006 47 
1458 50 
8833 44 
8940 48 
827 52 
2000 49 
419 53 
3851 51 
1560 55 
9657 54 
4023 57 
2594 59 
4900 56 
8314 58 
2665 66 
7415 64 
399 60 
7350 61 
6917 69 
5035 62 
3780 63 
7519 68 
6760 65 
7077 70 
5236 67 
6671 74 
8918 75 
2021 71 
3649 78 
1132 73 
3117 72 
6277 76 
5388 77 
359 79 
661 81 
3504 83 
8046 84 
6303 80 
4632 88 
4730 82 
3197 0 
1466 2 
453 85 
2427 86 
5109 87 
6238 89 
1604 1 
6587 3 
9198 4 
2674 5 
5330 6 
1273 90 
4991 7 
4011 9 
1033 13 
9068 14 
1062 10 
2822 8 
6723 12 
7508 18 
4667 11 
3904 15 
5555 19 
4254 20 
2478 16 
8365 17 
317 25 
4489 21 
4916 22 
1441 23 
1677 24 
5687 27 
8540 28 
7205 26 
6154 29 
2010 34 
9216 30 
4684 31 
6783 33 
124 32 
8968 36 
3919 37 
1213 38 
6439 41 
7096 42 
3914 35 
507 43 
3528 40 
3576 45 
5340 39 
3674 51 
8495 46 
2677 47 
2500 50 
4214 44 
9753 48 
4643 56 
7510 52 
8526 49 
7449 53 
9776 58 
2871 55 
5807 60 
4847 61 
3344 54 
6681 57 
6418 59 
4360 62 
1547 63 
5808 65 
2510 67 
8849 66 
9799 64 
9029 69 
4606 71 
2409 72 
1071 68 
9289 70 
3238 74 
8754 75 
4814 78 
7244 80 
5469 73 
6561 76 
4151 77 
8930 85 
6718 86 
3183 87 
8903 79 
2423 89 
473 81 
4680 90 
4978 83 
9637 84 
6044 88 
6259 82 
9337 0 
8341 2 
7579 1 
9876 3 
9833 4 
6586 5 
9178 6 
2870 7 
6118 9 
678 13 
7508 14 
2269 10 
2062 8 
4289 12 
602 18 
198 11 
990 24 
6755 15 
6477 19 
6278 20 
3699 16 
6698 17 
8636 26 
3309 25 
2907 21 
8625 22 
7204 23 
456 27 
4318 32 
8523 28 
8539 29 
4887 35 
5394 34 
7353 30 
8554 39 
9622 31 
1627 33 
5261 44 
595 36 
82 37 
507 38 
3884 41 
9500 42 
3130 49 
9797 43 
2538 40 
3038 45 
8780 51 
7223 46 
6703 47 
5905 54 
6880 50 
398 48 
4635 56 
6409 52 
8464 53 
5799 58 
1350 55 
2726 60 
2133 61 
3263 57 
5357 59 
7814 62 
3969 63 
156 68 
9918 65 
1271 70 
6307 67 
7778 66 
6455 64 
4207 69 
4850 71 
7276 73 
8861 72 
1305 74 
7821 75 
5482 78 
9478 80 
4939 82 
4725 76 
9355 77 
1753 85 
2857 86 
5539 87 
7570 79 
8932 89 
5158 81 
744 90 
8394 83 
101 84 
3717 88 
3424 0 
8920 2 
119 8 
9026 1 
2684 3 
1759 11 
4853 4 
4435 5 
1120 6 
5313 15 
5791 7 
8173 16 
4190 9 
8129 17 
669 13 
4731 14 
3125 10 
9200 21 
1587 22 
3168 12 
3103 23 
9569 18 
9054 24 
2981 27 
8321 19 
4576 20 
850 28 
9090 26 
4031 25 
512 30 
7261 31 
7223 32 
9159 36 
9665 37 
4236 38 
2865 29 
5070 35 
8835 34 
4073 40 
9650 39 
4104 33 
4630 44 
4865 48 
6297 41 
5812 52 
7103 42 
9759 49 
7964 53 
9862 43 
5865 45 
8682 51 
6029 55 
2320 46 
2678 47 
3093 54 
2558 57 
2456 50 
5719 56 
3882 58 
3599 64 
5590 60 
8047 61 
1510 59 
9206 62 
7188 63 
3503 68 
3514 65 
9481 70 
9767 67 
3382 66 
4569 69 
5342 71 
2034 73 
4243 72 
2687 76 
2958 77 
5489 79 
3762 81 
4465 74 
1170 75 
1787 83 
9553 84 
4099 78 
8194 80 
9494 88 
290 82 
5237 85 
8822 86 
3364 87 
581 89 
3668 1 
6368 3 
5214 4 
5731 90 
1369 0 
9337 10 
2794 2 
8280 8 
7117 12 
7104 11 
6389 5 
9234 6 
8674 15 
2961 19 
1346 20 
5290 7 
1165 16 
6666 9 
2636 17 
1808 13 
4543 14 
4846 21 
4079 22 
3409 23 
6164 18 
4882 24 
9471 27 
3996 28 
4253 26 
8625 29 
7042 25 
6571 30 
6142 31 
5083 33 
51 32 
4207 36 
3455 37 
6141 38 
8696 41 
5351 42 
3000 35 
3500 43 
4677 34 
1349 40 
5789 45 
3828 39 
7591 46 
8261 47 
1260 50 
2969 44 
9594 48 
4562 52 
6448 49 
8162 53 
2678 51 
5078 55 
1070 54 
260 57 
8474 59 
6685 56 
7516 66 
5824 58 
17 64 
4069 60 
6637 69 
1458 61 
3993 62 
1464 63 
6201 68 
8387 65 
1475 70 
9960 67 
4056 74 
1252 75 
5992 71 
641 78 
7707 73 
418 76 
69 72 
1579 77 
7164 79 
2794 81 
1709 83 
4236 84 
5805 88 
8112 80 
8408 82 
8292 0 
4952 2 
7215 85 
9652 86 
5623 87 
1135 1 
8787 89 
2751 3 
55 4 
546 5 
6517 6 
4746 90 
7711 7 
232 9 
1010 13 
5920 14 
6485 10 
5912 8 
4006 12 
3410 18 
2565 11 
7992 15 
7631 19 
6449 20 
6489 16 
7083 17 
6409 25 
5916 21 
3478 22 
7171 23 
1443 24 
7253 27 
9485 28 
4609 26 
2731 29 
4978 34 
6217 30 
9788 31 
6424 33 
5755 32 
6863 36 
3076 37 
3708 38 
6350 41 
2556 42 
6261 35 
2429 43 
8679 40 
7449 45 
3842 51 
3593 39 
7332 46 
5252 47 
5787 50 
3792 44 
1199 48 
1271 56 
7527 52 
2213 49 
7952 53 
4791 58 
6964 55 
3899 60 
5874 61 
6560 54 
7652 57 
3282 59 
1117 62 
2707 63 
6927 65 
8273 67 
7378 66 
4601 64 
5812 69 
312 71 
5689 72 
9289 68 
2507 70 
5622 74 
6883 75 
2562 78 
6830 80 
8782 73 
4747 76 
6730 77 
4220 85 
9165 86 
8577 87 
7052 79 
8273 89 
4830 81 
2279 90 
2989 83 
7005 84 
7039 88 
5954 82 
7208 0 
8227 2 
7160 1 
649 3 
7281 4 
6794 5 
6693 6 
3634 7 
3375 9 
100 13 
1774 14 
1908 10 
6456 8 
6289 12 
5946 18 
353 11 
612 24 
6646 15 
8628 19 
5508 20 
7648 16 
1818 26 
6975 17 
4688 25 
6829 21 
3402 22 
2749 23 
2327 32 
114 27 
666 28 
882 29 
3216 35 
1129 34 
8549 39 
1990 30 
2401 31 
1725 33 
9188 44 
965 36 
4585 37 
5197 38 
4594 41 
904 42 
5538 49 
9697 43 
7397 40 
2928 45 
582 51 
3904 46 
6387 54 
5769 47 
2368 50 
1876 48 
5199 56 
9571 52 
274 53 
6093 58 
2391 55 
2176 60 
5387 61 
7255 57 
4264 59 
3349 62 
188 63 
1464 68 
527 65 
9598 70 
2527 67 
8477 66 
270 64 
4173 69 
6661 71 
374 73 
8385 72 
8595 74 
882 75 
9132 78 
4100 80 
5495 82 
9970 76 
9973 77 
3278 85 
6059 86 
4130 87 
5501 79 
3943 89 
5390 81 
8211 90 
3737 83 
2651 84 
8559 88 
3979 0 
7795 2 
3916 8 
1517 1 
9277 11 
3414 3 
5442 4 
2465 5 
1510 6 
5841 15 
6605 7 
5640 16 
7423 9 
200 17 
9627 13 
871 14 
4356 10 
1021 21 
2566 22 
228 12 
7734 23 
5725 18 
7946 24 
1617 27 
9242 19 
7299 20 
9416 28 
2188 26 
5768 25 
1665 30 
1594 31 
605 32 
494 36 
1806 37 
7229 38 
5156 29 
1850 35 
7901 34 
5569 40 
300 39 
3400 33 
7337 44 
2287 48 
3398 52 
8276 41 
6443 42 
1665 49 
1515 53 
9471 43 
266 45 
5954 51 
8787 55 
6110 46 
145 54 
3505 57 
9986 47 
3811 50 
2527 56 
5076 58 
5972 64 
7022 60 
2778 61 
8993 59 
7924 62 
6514 63 
6001 68 
6493 65 
5934 70 
3091 67 
7618 66 
2327 69 
7918 71 
6891 73 
2479 76 
1859 72 
6563 77 
489 79 
819 81 
8059 74 
6409 83 
8417 84 
8443 75 
3457 78 
1382 88 
1735 80 
3321 82 
8274 85 
6349 86 
8831 87 
5261 1 
5790 89 
9210 3 
1460 4 
1977 90 
